function x=FetiMap_a()
% vector output from file: /sierra/Dev/jdmille/sprint_4.13.1/Salinas/util/mfiles.C
x=zeros(504,1);
x(9)=1;
x(10)=2;
x(11)=3;
x(17)=4;
x(18)=5;
x(19)=6;
x(33)=7;
x(34)=8;
x(35)=9;
x(41)=10;
x(42)=11;
x(43)=12;
x(57)=13;
x(58)=14;
x(59)=15;
x(65)=16;
x(66)=17;
x(67)=18;
x(81)=19;
x(82)=20;
x(83)=21;
x(89)=22;
x(90)=23;
x(91)=24;
x(105)=25;
x(106)=26;
x(107)=27;
x(113)=28;
x(114)=29;
x(115)=30;
x(129)=31;
x(130)=32;
x(131)=33;
x(137)=34;
x(138)=35;
x(139)=36;
x(153)=37;
x(154)=38;
x(155)=39;
x(161)=40;
x(162)=41;
x(163)=42;
x(177)=43;
x(178)=44;
x(179)=45;
x(185)=46;
x(186)=47;
x(187)=48;
x(201)=49;
x(202)=50;
x(203)=51;
x(209)=52;
x(210)=53;
x(211)=54;
x(217)=55;
x(218)=56;
x(219)=57;
x(225)=58;
x(226)=59;
x(227)=60;
x(233)=61;
x(234)=62;
x(235)=63;
x(241)=64;
x(242)=65;
x(249)=66;
x(250)=67;
x(251)=68;
x(257)=69;
x(258)=70;
x(259)=71;
x(265)=72;
x(266)=73;
x(267)=74;
x(273)=75;
x(274)=76;
x(281)=77;
x(282)=78;
x(283)=79;
x(289)=80;
x(290)=81;
x(291)=82;
x(297)=83;
x(298)=84;
x(299)=85;
x(305)=86;
x(306)=87;
x(313)=88;
x(314)=89;
x(315)=90;
x(321)=91;
x(322)=92;
x(323)=93;
x(329)=94;
x(330)=95;
x(331)=96;
x(337)=97;
x(338)=98;
x(345)=99;
x(346)=100;
x(347)=101;
x(353)=102;
x(354)=103;
x(355)=104;
x(361)=105;
x(362)=106;
x(363)=107;
x(369)=108;
x(370)=109;
x(377)=110;
x(378)=111;
x(379)=112;
x(385)=113;
x(386)=114;
x(387)=115;
x(393)=116;
x(394)=117;
x(395)=118;
x(401)=119;
x(402)=120;
x(409)=121;
x(410)=122;
x(411)=123;
x(417)=124;
x(418)=125;
x(419)=126;
x(425)=127;
x(426)=128;
x(427)=129;
x(433)=130;
x(434)=131;
x(441)=132;
x(442)=133;
x(443)=134;
x(449)=135;
x(450)=136;
x(451)=137;
x(457)=138;
x(458)=139;
x(459)=140;
x(465)=141;
x(466)=142;
x(473)=143;
x(474)=144;
x(475)=145;
x(481)=146;
x(482)=147;
x(483)=148;
x(489)=149;
x(490)=150;
x(491)=151;
x(497)=152;
x(498)=153;
%--- eof
