function x=hh_disp3()
% output of displacements computed on processor 
% exactly 3 dofs/global node are output.
freq(3)=25530;
x=zeros(189,1);
x(4)=-23.1872794573599;
x(5)=-9.2530248865175;
x(6)=-9.25333634132025;
x(7)=-42.3644532690945;
x(8)=-6.49970677257125;
x(9)=-6.51201248094766;
x(13)=-21.5125391964616;
x(14)=-3.16191517413245e-13;
x(15)=-9.32263771658801;
x(16)=-43.8661817733349;
x(17)=-4.67181848762266e-13;
x(18)=-6.79281704666421;
x(22)=-23.1872794573599;
x(23)=9.25302488651686;
x(24)=-9.25333634132072;
x(25)=-42.3644532690946;
x(26)=6.49970677257031;
x(27)=-6.51201248094844;
x(31)=-21.5102576111569;
x(32)=-9.32279292169276;
x(33)=2.36255459640233e-13;
x(34)=-43.8684473614284;
x(35)=-6.79057290124452;
x(36)=3.65929508916452e-13;
x(40)=-19.762845913235;
x(41)=-7.60780327624389e-14;
x(42)=2.68196894667143e-14;
x(43)=-45.4062227768661;
x(44)=-1.15130127653629e-13;
x(45)=1.00316051265161e-14;
x(49)=-21.5102576111569;
x(50)=9.32279292169262;
x(51)=-2.06057393370429e-13;
x(52)=-43.8684473614285;
x(53)=6.79057290124432;
x(54)=-3.49942297361849e-13;
x(58)=-23.1872794573599;
x(59)=-9.25302488651705;
x(60)=9.25333634132072;
x(61)=-42.3644532690945;
x(62)=-6.49970677257054;
x(63)=6.51201248094841;
x(67)=-21.5125391964615;
x(68)=1.3855583347322e-13;
x(69)=9.32263771658806;
x(70)=-43.8661817733349;
x(71)=2.34479102800833e-13;
x(72)=6.79281704666424;
x(76)=-23.1872794573599;
x(77)=9.25302488651733;
x(78)=9.25333634132026;
x(79)=-42.3644532690945;
x(80)=6.49970677257103;
x(81)=6.51201248094771;
x(82)=-50.7575291334034;
x(83)=-4.9780313416631;
x(84)=-5.01062692894013;
x(85)=-56.978642288123;
x(86)=-3.40834384321802;
x(87)=-3.45421007850846;
x(88)=-60.8372110321012;
x(89)=-1.77960909993233;
x(90)=-1.74956698991569;
x(91)=-62.2133214023079;
x(92)=-0.417290300413544;
x(94)=-52.332605894243;
x(95)=-4.31654711974261e-13;
x(96)=-5.01156494032357;
x(97)=-58.5821691427662;
x(98)=-3.73034936274053e-13;
x(99)=-3.42574668986252;
x(100)=-62.391531528385;
x(101)=-2.52242671194836e-13;
x(102)=-1.71906353921378;
x(103)=-63.7153513487372;
x(104)=-1.65201186064223e-13;
x(106)=-50.7575291334035;
x(107)=4.97803134166226;
x(108)=-5.01062692894092;
x(109)=-56.9786422881232;
x(110)=3.4083438432173;
x(111)=-3.45421007850915;
x(112)=-60.8372110321012;
x(113)=1.77960909993182;
x(114)=-1.74956698991612;
x(115)=-62.2133214023079;
x(116)=0.417290300413219;
x(118)=-52.3543442981346;
x(119)=-5.00823589582953;
x(120)=3.80140363631654e-13;
x(121)=-58.6639922937574;
x(122)=-3.43300095520598;
x(123)=3.30402372128447e-13;
x(124)=-62.5914632074645;
x(125)=-1.80197803465969;
x(126)=1.95399252334028e-13;
x(127)=-63.990540554932;
x(128)=-0.430512689310034;
x(130)=-54.0186561190077;
x(131)=-9.23428000731974e-14;
x(132)=-2.79068325234783e-14;
x(133)=-60.2958960272627;
x(134)=-2.57710519591114e-14;
x(135)=-2.1564040837537e-14;
x(136)=-64.1498872907563;
x(137)=3.36952687973735e-14;
x(138)=-3.56245636820429e-15;
x(139)=-65.489201870299;
x(140)=1.29174448915137e-13;
x(142)=-52.3543442981347;
x(143)=5.0082358958294;
x(144)=-4.13891143580258e-13;
x(145)=-58.6639922937576;
x(146)=3.43300095520596;
x(147)=-3.81916720471054e-13;
x(148)=-62.5914632074647;
x(149)=1.80197803465977;
x(150)=-2.48689957516035e-13;
x(151)=-63.9905405549322;
x(152)=0.430512689310249;
x(154)=-50.7575291334033;
x(155)=-4.97803134166239;
x(156)=5.01062692894087;
x(157)=-56.9786422881229;
x(158)=-3.40834384321737;
x(159)=3.45421007850909;
x(160)=-60.837211032101;
x(161)=-1.77960909993174;
x(162)=1.74956698991611;
x(163)=-62.2133214023078;
x(164)=-0.417290300413011;
x(166)=-52.332605894243;
x(167)=2.59348098552437e-13;
x(168)=5.01156494032353;
x(169)=-58.5821691427662;
x(170)=2.91322521661641e-13;
x(171)=3.42574668986247;
x(172)=-62.391531528385;
x(173)=3.14415160573844e-13;
x(174)=1.71906353921375;
x(175)=-63.7153513487372;
x(176)=4.05009359383257e-13;
x(178)=-50.7575291334035;
x(179)=4.97803134166295;
x(180)=5.01062692894017;
x(181)=-56.9786422881232;
x(182)=3.40834384321803;
x(183)=3.45421007850844;
x(184)=-60.8372110321014;
x(185)=1.77960909993241;
x(186)=1.74956698991566;
x(187)=-62.2133214023083;
x(188)=0.417290300413772;

