function x=hh_disp_a7()
% output of displacements computed on processor 
% the a-set info is output.
freq(7)=55099.8;
x=zeros(153,1);
x(1)=17.360562224472;
x(2)=11.6046270861717;
x(3)=-70.0410706736253;
x(4)=46.3478674445929;
x(5)=3.48718094189916;
x(6)=-13.7372669217454;
x(7)=16.7073283518979;
x(8)=-1.1689628431899e-11;
x(9)=-64.362984869463;
x(10)=52.09846237128;
x(11)=-6.34488381973108e-12;
x(12)=-13.0861607770009;
x(13)=17.3605622244717;
x(14)=-11.6046270861949;
x(15)=-70.0410706736479;
x(16)=46.3478674445897;
x(17)=-3.48718094191123;
x(18)=-13.7372669217562;
x(19)=-5.57115117927331e-14;
x(20)=1.7277845820729e-14;
x(21)=-75.4465752391635;
x(22)=-7.58299673053742e-14;
x(23)=2.40441347387765e-14;
x(24)=-17.9275508619632;
x(25)=5.6457253152023e-15;
x(26)=1.66533453693773e-14;
x(27)=-70.2908070505406;
x(28)=-4.80847475145584e-14;
x(29)=-1.44892778330963e-14;
x(30)=-18.0749295261046;
x(31)=3.57465793077161e-14;
x(32)=5.53029844141406e-15;
x(33)=-75.4465752391859;
x(34)=1.44068784679874e-14;
x(35)=-1.9895543545978e-14;
x(36)=-17.9275508619732;
x(37)=-17.3605622244721;
x(38)=-11.6046270861717;
x(39)=-70.0410706736252;
x(40)=-46.347867444593;
x(41)=-3.48718094189919;
x(42)=-13.7372669217454;
x(43)=-16.707328351898;
x(44)=1.17396578569462e-11;
x(45)=-64.362984869463;
x(46)=-52.09846237128;
x(47)=6.41760733097185e-12;
x(48)=-13.0861607770009;
x(49)=-17.3605622244717;
x(50)=11.6046270861949;
x(51)=-70.0410706736478;
x(52)=-46.3478674445897;
x(53)=3.48718094191126;
x(54)=-13.7372669217561;
x(55)=38.5739305258839;
x(56)=-12.6171083328374;
x(57)=33.61108803667;
x(58)=13.7661546810024;
x(59)=-20.5006395674398;
x(60)=60.2427786155835;
x(61)=-13.3645490230859;
x(62)=-16.9100095063693;
x(63)=46.4230449158786;
x(64)=-26.7081077159943;
x(65)=-11.8978082185814;
x(66)=44.5954179041327;
x(67)=8.52547199503562e-13;
x(68)=27.4820950117619;
x(69)=16.0961964570944;
x(70)=7.89190934824546e-12;
x(71)=50.2876242820569;
x(72)=-13.5721371026776;
x(73)=1.30493307132218e-11;
x(74)=38.0381405537621;
x(75)=-27.222585259287;
x(76)=1.73160548400109e-11;
x(77)=38.5739305258775;
x(78)=12.6171083328406;
x(79)=33.6110880366741;
x(80)=13.7661546809906;
x(81)=20.5006395674579;
x(82)=60.2427786155994;
x(83)=-13.3645490231043;
x(84)=16.9100095063972;
x(85)=46.4230449158956;
x(86)=-26.7081077160163;
x(87)=11.8978082186173;
x(88)=-6.49554195153446e-14;
x(89)=-1.21656157370253e-14;
x(90)=41.1094333493263;
x(91)=-4.14460132880379e-14;
x(92)=5.8193033725118e-14;
x(93)=70.4137254133249;
x(94)=-5.75511860390066e-14;
x(95)=-2.28199620658232e-14;
x(96)=53.3694186938422;
x(97)=-5.59829960167235e-14;
x(98)=1.67123259675606e-14;
x(99)=-3.99696975414117e-15;
x(100)=-6.54996890059323e-14;
x(101)=35.5700235842485;
x(102)=3.7386602806124e-15;
x(103)=-2.49904263949219e-14;
x(104)=61.5376563891341;
x(105)=-1.02437437194845e-14;
x(106)=-2.40285222274927e-14;
x(107)=45.4827438792837;
x(108)=-2.07816450408915e-14;
x(109)=2.96603019922514e-14;
x(110)=-3.19217308836217e-14;
x(111)=-3.32667920988072e-14;
x(112)=41.1094333493319;
x(113)=6.99787450209044e-15;
x(114)=-3.74804354219549e-14;
x(115)=70.4137254133431;
x(116)=5.93969318174459e-14;
x(117)=3.36205672676892e-14;
x(118)=53.369418693861;
x(119)=1.34822708552917e-14;
x(120)=-7.42461647718073e-15;
x(121)=-38.5739305258839;
x(122)=12.6171083328375;
x(123)=33.6110880366701;
x(124)=-13.7661546810025;
x(125)=20.50063956744;
x(126)=60.2427786155835;
x(127)=13.364549023086;
x(128)=16.9100095063693;
x(129)=46.4230449158786;
x(130)=26.7081077159945;
x(131)=11.8978082185815;
x(132)=-44.5954179041327;
x(133)=-7.90242871140379e-13;
x(134)=27.4820950117619;
x(135)=-16.0961964570944;
x(136)=-7.90219625845801e-12;
x(137)=50.287624282057;
x(138)=13.5721371026776;
x(139)=-1.30424646777039e-11;
x(140)=38.0381405537622;
x(141)=27.2225852592871;
x(142)=-1.72635516992869e-11;
x(143)=-38.5739305258773;
x(144)=-12.6171083328407;
x(145)=33.611088036674;
x(146)=-13.7661546809905;
x(147)=-20.5006395674578;
x(148)=60.2427786155993;
x(149)=13.3645490231044;
x(150)=-16.9100095063973;
x(151)=46.4230449158955;
x(152)=26.7081077160164;
x(153)=-11.8978082186173;

