function x=hh_disp_a9()
% output of displacements computed on processor 
% the a-set info is output.
freq(9)=72707.6;
x=zeros(153,1);
x(1)=-41.0922281696686;
x(2)=-21.0250068026394;
x(3)=-15.277128879902;
x(4)=-69.6077432074341;
x(5)=-17.3421337044296;
x(6)=-12.2553366284364;
x(7)=-38.4392826547841;
x(8)=-8.53761505926176e-14;
x(9)=-27.8407797797321;
x(10)=-70.8640644801041;
x(11)=-1.837419105931e-14;
x(12)=-24.6872559322694;
x(13)=-41.0922281696689;
x(14)=21.0250068026393;
x(15)=-15.2771288799018;
x(16)=-69.6077432074347;
x(17)=17.3421337044296;
x(18)=-12.2553366284364;
x(19)=6.03961325396914e-13;
x(20)=8.70414851337182e-14;
x(21)=-7.22494537859771;
x(22)=6.89226453686655e-13;
x(23)=-3.86357612593975e-14;
x(24)=-12.131646275201;
x(25)=5.11590769747272e-13;
x(26)=-9.62563362348972e-14;
x(27)=-19.6980449657821;
x(28)=6.35935748505416e-13;
x(29)=1.08801856413908e-13;
x(30)=-24.0577497201077;
x(31)=2.84217094303406e-13;
x(32)=-2.42472708577503e-13;
x(33)=-7.22494537859739;
x(34)=2.89546164823561e-13;
x(35)=2.01616501271013e-13;
x(36)=-12.1316462752011;
x(37)=41.0922281696698;
x(38)=21.0250068026394;
x(39)=-15.2771288799025;
x(40)=69.6077432074353;
x(41)=17.3421337044295;
x(42)=-12.2553366284361;
x(43)=38.4392826547851;
x(44)=-3.18856052673529e-13;
x(45)=-27.8407797797325;
x(46)=70.8640644801051;
x(47)=2.67341704330853e-13;
x(48)=-24.6872559322691;
x(49)=41.0922281696694;
x(50)=-21.0250068026399;
x(51)=-15.277128879902;
x(52)=69.6077432074348;
x(53)=-17.3421337044291;
x(54)=-12.2553366284362;
x(55)=-81.1020773686149;
x(56)=-15.856592850009;
x(57)=-2.71444577276561;
x(58)=-94.4371502800474;
x(59)=-14.3193650716169;
x(60)=7.25977491883455;
x(61)=-106.558360652607;
x(62)=-10.1514342217861;
x(63)=8.74392181427464;
x(64)=-112.479003341251;
x(65)=-6.53869126181008;
x(66)=-82.2988575525106;
x(67)=-2.27595720036355e-14;
x(68)=-13.7718920521713;
x(69)=-95.898648121564;
x(70)=-1.05138120432362e-13;
x(71)=-2.13038731297431;
x(72)=-107.947422727626;
x(73)=-9.51322354470483e-15;
x(74)=2.47109995554027;
x(75)=-113.53465827014;
x(76)=1.06581410363597e-13;
x(77)=-81.1020773686155;
x(78)=15.8565928500089;
x(79)=-2.71444577276573;
x(80)=-94.437150280048;
x(81)=14.3193650716168;
x(82)=7.25977491883453;
x(83)=-106.558360652608;
x(84)=10.1514342217861;
x(85)=8.74392181427475;
x(86)=-112.479003341252;
x(87)=6.53869126181032;
x(88)=3.52606832624551e-13;
x(89)=-2.1493917756471e-13;
x(90)=-0.0492454999797911;
x(91)=-1.0125233984497e-13;
x(92)=-2.8776980798379e-13;
x(93)=10.8087366179979;
x(94)=-4.95603558199045e-13;
x(95)=-3.20632409510422e-13;
x(96)=10.9347635020661;
x(97)=-6.43041175857602e-13;
x(98)=-2.73558953269849e-13;
x(99)=3.0020430585656e-13;
x(100)=1.50990331347968e-13;
x(101)=-11.0611903256687;
x(102)=-1.95399252334623e-13;
x(103)=2.57849297479206e-14;
x(104)=1.45211589446791;
x(105)=-5.79092329638872e-13;
x(106)=-1.42330591756078e-13;
x(107)=4.59079389370993;
x(108)=-7.21200876802437e-13;
x(109)=-2.17714735129222e-13;
x(110)=5.77315972816088e-14;
x(111)=4.10338429904309e-13;
x(112)=-0.0492454999799231;
x(113)=-2.50466314353696e-13;
x(114)=3.2684965844979e-13;
x(115)=10.8087366179978;
x(116)=-5.25801624468424e-13;
x(117)=9.23705556470091e-14;
x(118)=10.9347635020661;
x(119)=-6.78568312642457e-13;
x(120)=-1.0036416142532e-13;
x(121)=81.1020773686154;
x(122)=15.8565928500087;
x(123)=-2.71444577276488;
x(124)=94.4371502800472;
x(125)=14.3193650716164;
x(126)=7.25977491883536;
x(127)=106.558360652606;
x(128)=10.1514342217855;
x(129)=8.74392181427516;
x(130)=112.47900334125;
x(131)=6.53869126180966;
x(132)=82.298857552511;
x(133)=3.68816088779841e-13;
x(134)=-13.7718920521706;
x(135)=95.8986481215636;
x(136)=1.44328993200258e-13;
x(137)=-2.13038731297365;
x(138)=107.947422727625;
x(139)=-1.68531855137752e-13;
x(140)=2.47109995554068;
x(141)=113.534658270139;
x(142)=-4.05453448589985e-13;
x(143)=81.1020773686154;
x(144)=-15.8565928500081;
x(145)=-2.71444577276518;
x(146)=94.4371502800475;
x(147)=-14.3193650716162;
x(148)=7.25977491883509;
x(149)=106.558360652607;
x(150)=-10.151434221786;
x(151)=8.74392181427505;
x(152)=112.47900334125;
x(153)=-6.53869126181049;

