function x=hh_disp8()
% output of displacements computed on processor 
% exactly 3 dofs/global node are output.
freq(8)=61958.5;
x=zeros(189,1);
x(4)=-6.74175458266598;
x(5)=71.2111058502109;
x(6)=-4.72336589263814;
x(7)=-14.3648542414632;
x(8)=4.47196595170126;
x(9)=9.74284191975073;
x(13)=-3.49720252756924e-15;
x(14)=73.9769676568214;
x(15)=2.70339306496226e-14;
x(16)=-3.42503803096861e-14;
x(17)=5.27996920148807;
x(18)=-3.11001224773122e-14;
x(22)=6.74175458266597;
x(23)=71.2111058502108;
x(24)=4.72336589263813;
x(25)=14.3648542414631;
x(26)=4.47196595170126;
x(27)=-9.74284191975086;
x(31)=-8.28818814687052;
x(32)=69.6580715812789;
x(33)=-2.08374983934334e-14;
x(34)=-21.2596134389422;
x(35)=11.7990762369967;
x(36)=-3.45765083231697e-14;
x(40)=1.9671764217577e-14;
x(41)=73.1172096183776;
x(42)=2.49245069028348e-14;
x(43)=3.32026073301961e-14;
x(44)=12.9561172852936;
x(45)=-1.74582570622306e-14;
x(49)=8.28818814687056;
x(50)=69.6580715812789;
x(51)=4.86381768194377e-14;
x(52)=21.2596134389422;
x(53)=11.7990762369967;
x(54)=-1.03805852802452e-14;
x(58)=-6.74175458266591;
x(59)=71.2111058502108;
x(60)=4.72336589263808;
x(61)=-14.3648542414631;
x(62)=4.47196595170117;
x(63)=-9.74284191975083;
x(67)=8.0102591226705e-14;
x(68)=73.9769676568213;
x(69)=-6.85562717706034e-15;
x(70)=8.79851747015437e-14;
x(71)=5.27996920148802;
x(72)=-1.58068003131007e-14;
x(76)=6.74175458266603;
x(77)=71.2111058502107;
x(78)=-4.72336589263807;
x(79)=14.3648542414632;
x(80)=4.4719659517012;
x(81)=9.74284191975081;
x(82)=8.56121947410064;
x(83)=-37.6728383040139;
x(84)=27.7973137532165;
x(85)=45.7928415801912;
x(86)=-48.0797136808436;
x(87)=33.0792610617137;
x(88)=77.0663270390936;
x(89)=-14.6916914612089;
x(90)=22.7882607438055;
x(91)=89.199309989823;
x(92)=36.7207067775649;
x(94)=-3.76920716860241e-14;
x(95)=-49.6742974596018;
x(96)=-4.59354776438659e-14;
x(97)=-4.96269692007445e-14;
x(98)=-60.1229027394757;
x(99)=-2.68673971959288e-14;
x(100)=-9.23150444975818e-14;
x(101)=-20.7738713602187;
x(102)=6.76021738588162e-15;
x(103)=-1.06470388061553e-13;
x(104)=33.9041318385433;
x(106)=-8.56121947410078;
x(107)=-37.6728383040138;
x(108)=-27.7973137532166;
x(109)=-45.7928415801914;
x(110)=-48.0797136808435;
x(111)=-33.0792610617138;
x(112)=-77.0663270390939;
x(113)=-14.6916914612088;
x(114)=-22.7882607438056;
x(115)=-89.1993099898233;
x(116)=36.7207067775651;
x(118)=3.6241826862035;
x(119)=-22.7055576038872;
x(120)=-2.07425222831237e-14;
x(121)=48.5075175764415;
x(122)=-30.4811647121064;
x(123)=1.99146255042137e-14;
x(124)=88.3877355269339;
x(125)=-1.12197933134384;
x(126)=4.49640324973188e-14;
x(127)=104.69751119029;
x(128)=48.6345309626096;
x(130)=2.18193518808363e-14;
x(131)=-36.4036596935048;
x(132)=-3.27793348020577e-14;
x(133)=1.79856129989275e-14;
x(134)=-45.3913884302269;
x(135)=-1.16616785672541e-14;
x(136)=6.91807722219551e-15;
x(137)=-9.47356598230284;
x(138)=-7.47665818146004e-15;
x(139)=2.88519208524463e-14;
x(140)=44.3146223335808;
x(142)=-3.62418268620347;
x(143)=-22.7055576038872;
x(144)=-2.36056833802234e-14;
x(145)=-48.5075175764415;
x(146)=-30.4811647121064;
x(147)=-3.26683124995952e-14;
x(148)=-88.387735526934;
x(149)=-1.12197933134384;
x(150)=3.56659146660832e-15;
x(151)=-104.69751119029;
x(152)=48.6345309626097;
x(154)=8.56121947410081;
x(155)=-37.6728383040139;
x(156)=-27.7973137532165;
x(157)=45.7928415801914;
x(158)=-48.0797136808435;
x(159)=-33.0792610617137;
x(160)=77.0663270390939;
x(161)=-14.6916914612088;
x(162)=-22.7882607438055;
x(163)=89.1993099898234;
x(164)=36.7207067775651;
x(166)=6.61692922676593e-14;
x(167)=-49.6742974596018;
x(168)=-1.9373391779709e-14;
x(169)=2.63677968348475e-14;
x(170)=-60.1229027394757;
x(171)=-2.19962936753859e-15;
x(172)=3.22519788653608e-14;
x(173)=-20.7738713602187;
x(174)=2.57918686408232e-14;
x(175)=1.82076576038526e-14;
x(176)=33.9041318385434;
x(178)=-8.56121947410066;
x(179)=-37.6728383040139;
x(180)=27.7973137532166;
x(181)=-45.7928415801914;
x(182)=-48.0797136808435;
x(183)=33.0792610617137;
x(184)=-77.0663270390938;
x(185)=-14.6916914612088;
x(186)=22.7882607438056;
x(187)=-89.1993099898232;
x(188)=36.720706777565;

