function x=hh_disp_a4()
% output of displacements computed on processor 
% the a-set info is output.
freq(4)=26918.5;
x=zeros(153,1);
x(1)=-0.186017330095566;
x(2)=-45.9155651149774;
x(3)=46.2616364065763;
x(4)=-2.71750331982906;
x(5)=-71.0841442075586;
x(6)=72.0782191748413;
x(7)=1.72376808652219e-13;
x(8)=-45.7590467647668;
x(9)=1.43230300163594e-13;
x(10)=2.51998327861895e-13;
x(11)=-70.3808842377637;
x(12)=1.51450510187689e-13;
x(13)=0.186017330095893;
x(14)=-45.9155651149774;
x(15)=-46.2616364065759;
x(16)=2.71750331982954;
x(17)=-71.0841442075586;
x(18)=-72.078219174841;
x(19)=1.19015908239817e-13;
x(20)=4.70734562441066e-14;
x(21)=46.418266056464;
x(22)=2.75557354711964e-13;
x(23)=4.79616346638068e-14;
x(24)=72.780899583086;
x(25)=1.34601883323441e-13;
x(26)=1.77635683940025e-15;
x(27)=5.21416965878939e-14;
x(28)=2.6339261830437e-13;
x(29)=3.90798504668055e-14;
x(30)=1.27283465425083e-13;
x(31)=1.33004718350094e-13;
x(32)=-4.52970994047064e-14;
x(33)=-46.4182660564638;
x(34)=2.80886425230165e-13;
x(35)=1.37667655053519e-14;
x(36)=-72.7808995830857;
x(37)=0.186017330095847;
x(38)=45.9155651149774;
x(39)=46.2616364065761;
x(40)=2.7175033198295;
x(41)=71.0841442075587;
x(42)=72.0782191748412;
x(43)=1.0942733586127e-13;
x(44)=45.7590467647668;
x(45)=2.38652053014134e-15;
x(46)=2.48935261229797e-13;
x(47)=70.3808842377637;
x(48)=8.38198376962707e-14;
x(49)=-0.18601733009562;
x(50)=45.9155651149773;
x(51)=-46.261636406576;
x(52)=-2.71750331982903;
x(53)=71.0841442075586;
x(54)=-72.0782191748411;
x(55)=-6.35389371346396;
x(56)=-72.0689947087161;
x(57)=72.6802682047035;
x(58)=-13.2393272877216;
x(59)=-65.987068897359;
x(60)=63.2456334012545;
x(61)=-22.8411952323683;
x(62)=-56.5700998049127;
x(63)=41.6811806568329;
x(64)=-28.3780634467643;
x(65)=-56.8373070932464;
x(66)=2.62924516223142e-13;
x(67)=-70.3689621118357;
x(68)=1.42644147422802e-13;
x(69)=2.70397286489078e-13;
x(70)=-62.9819484121384;
x(71)=1.36130589723445e-13;
x(72)=2.44535476726093e-13;
x(73)=-53.9067945902676;
x(74)=8.60943214181307e-14;
x(75)=2.32289892878515e-13;
x(76)=-54.9913447325951;
x(77)=6.35389371346451;
x(78)=-72.0689947087161;
x(79)=-72.6802682047032;
x(80)=13.2393272877221;
x(81)=-65.987068897359;
x(82)=-63.2456334012543;
x(83)=22.8411952323688;
x(84)=-56.5700998049127;
x(85)=-41.6811806568328;
x(86)=28.3780634467648;
x(87)=-56.8373070932464;
x(88)=2.8244073746464e-13;
x(89)=3.46389583683049e-14;
x(90)=74.3858581574642;
x(91)=2.8155255904494e-13;
x(92)=-1.44884104713583e-14;
x(93)=66.2121182021311;
x(94)=3.06865644006393e-13;
x(95)=-4.15223411209809e-14;
x(96)=44.6115597935821;
x(97)=3.17079695832945e-13;
x(98)=-7.50510764646606e-14;
x(99)=3.01872488863107e-13;
x(100)=1.46549439250521e-14;
x(101)=1.32693031989042e-13;
x(102)=3.07674821278025e-13;
x(103)=-3.29736238313671e-14;
x(104)=1.3218532041261e-13;
x(105)=3.27049212920948e-13;
x(106)=-3.90798504668055e-14;
x(107)=1.06009170895945e-13;
x(108)=3.24702255696965e-13;
x(109)=-5.41788836017076e-14;
x(110)=3.16635606623095e-13;
x(111)=-1.08801856413265e-14;
x(112)=-74.3858581574639;
x(113)=3.41504602374698e-13;
x(114)=-3.59712259978551e-14;
x(115)=-66.2121182021309;
x(116)=3.20188320301895e-13;
x(117)=-9.1926466438963e-14;
x(118)=-44.6115597935819;
x(119)=2.97539770599542e-13;
x(120)=-3.15303338993544e-14;
x(121)=6.35389371346448;
x(122)=72.0689947087162;
x(123)=72.6802682047035;
x(124)=13.2393272877222;
x(125)=65.987068897359;
x(126)=63.2456334012545;
x(127)=22.8411952323689;
x(128)=56.5700998049127;
x(129)=41.681180656833;
x(130)=28.378063446765;
x(131)=56.8373070932463;
x(132)=3.12457496042312e-13;
x(133)=70.3689621118357;
x(134)=1.36456544282763e-13;
x(135)=3.77131745176726e-13;
x(136)=62.9819484121384;
x(137)=1.32830554160668e-13;
x(138)=4.35064204214825e-13;
x(139)=53.9067945902675;
x(140)=7.4017910061474e-14;
x(141)=4.52691413247176e-13;
x(142)=54.9913447325949;
x(143)=-6.35389371346391;
x(144)=72.0689947087161;
x(145)=-72.6802682047032;
x(146)=-13.2393272877215;
x(147)=65.9870688973589;
x(148)=-63.2456334012542;
x(149)=-22.8411952323682;
x(150)=56.5700998049126;
x(151)=-41.6811806568328;
x(152)=-28.3780634467642;
x(153)=56.8373070932463;

