function x=hh_disp5()
% output of displacements computed on processor 
% exactly 3 dofs/global node are output.
freq(5)=28565;
x=zeros(189,1);
x(4)=3.46468662465362;
x(5)=45.3967773912799;
x(6)=-3.48381251947196;
x(7)=-22.7197387974118;
x(8)=56.1071730698012;
x(9)=-11.530162790598;
x(13)=1.40036985637122e-15;
x(14)=46.0639983185316;
x(15)=7.5440888698197e-15;
x(16)=-1.38067302321943e-13;
x(17)=62.8174654003414;
x(18)=-1.32296240867846e-14;
x(22)=-3.46468662465375;
x(23)=45.3967773912799;
x(24)=3.48381251947186;
x(25)=22.7197387974116;
x(26)=56.1071730698012;
x(27)=11.5301627905979;
x(31)=5.31673083996926;
x(32)=43.2663536092944;
x(33)=-6.16243205784421e-14;
x(34)=-21.6949531642084;
x(35)=50.6729682147806;
x(36)=-1.50174145407944e-14;
x(40)=-7.82486335977174e-14;
x(41)=43.7967844679298;
x(42)=1.88248331465986e-14;
x(43)=-1.31896723840394e-13;
x(44)=57.7244028079876;
x(45)=-4.03198408921512e-15;
x(49)=-5.31673083996937;
x(50)=43.2663536092945;
x(51)=-4.1185760462069e-14;
x(52)=21.6949531642083;
x(53)=50.6729682147807;
x(54)=-4.40324065430765e-14;
x(58)=3.46468662465366;
x(59)=45.3967773912798;
x(60)=3.48381251947191;
x(61)=-22.7197387974118;
x(62)=56.1071730698012;
x(63)=11.530162790598;
x(67)=1.26626915455255e-14;
x(68)=46.0639983185316;
x(69)=4.77463148683457e-14;
x(70)=-4.29452932254591e-14;
x(71)=62.8174654003414;
x(72)=-5.48873771175812e-15;
x(76)=-3.46468662465373;
x(77)=45.3967773912799;
x(78)=-3.48381251947183;
x(79)=22.7197387974116;
x(80)=56.1071730698012;
x(81)=-11.530162790598;
x(82)=-40.3014355829436;
x(83)=40.863453076365;
x(84)=-11.3718749297029;
x(85)=-54.6158321613042;
x(86)=11.6209646929254;
x(87)=-8.39189308865544;
x(88)=-63.0850895612704;
x(89)=-24.8060849505013;
x(90)=-4.38707466962159;
x(91)=-65.7513311956031;
x(92)=-60.8754631347831;
x(94)=-1.28851276737125e-13;
x(95)=46.3511189278308;
x(96)=-7.8111604315058e-14;
x(97)=-1.22150622177443e-13;
x(98)=15.4917075588888;
x(99)=-3.74420902312877e-14;
x(100)=-1.26495505359343e-13;
x(101)=-23.3502846028004;
x(102)=-2.23264538251266e-14;
x(103)=-1.29675905950999e-13;
x(104)=-60.3298674144961;
x(106)=40.3014355829433;
x(107)=40.8634530763651;
x(108)=11.3718749297027;
x(109)=54.615832161304;
x(110)=11.6209646929254;
x(111)=8.39189308865525;
x(112)=63.0850895612701;
x(113)=-24.8060849505013;
x(114)=4.38707466962148;
x(115)=65.7513311956029;
x(116)=-60.8754631347831;
x(118)=-41.0286808486035;
x(119)=35.3767307056851;
x(120)=-1.36473763249957e-14;
x(121)=-56.6172458310535;
x(122)=7.40682260010514;
x(123)=-3.90402541190314e-14;
x(124)=-65.8548399257452;
x(125)=-27.2877294119113;
x(126)=-5.82864566017105e-14;
x(127)=-68.8398000235315;
x(128)=-62.8785545114633;
x(130)=-1.44248601508469e-13;
x(131)=41.3707006225064;
x(132)=-1.08140298490718e-13;
x(133)=-1.69015425936752e-13;
x(134)=11.619782098416;
x(135)=-6.89121757980257e-14;
x(136)=-1.72655286938033e-13;
x(137)=-25.6496165450818;
x(138)=3.586377278134e-14;
x(139)=-1.83370730959841e-13;
x(140)=-62.2258341556977;
x(142)=41.0286808486033;
x(143)=35.3767307056851;
x(144)=-4.55853076268259e-14;
x(145)=56.6172458310533;
x(146)=7.40682260010522;
x(147)=-3.72044240837602e-14;
x(148)=65.854839925745;
x(149)=-27.2877294119114;
x(150)=-4.46280397524957e-14;
x(151)=68.8398000235313;
x(152)=-62.8785545114634;
x(154)=-40.3014355829436;
x(155)=40.863453076365;
x(156)=11.3718749297029;
x(157)=-54.6158321613043;
x(158)=11.6209646929254;
x(159)=8.39189308865536;
x(160)=-63.0850895612705;
x(161)=-24.8060849505013;
x(162)=4.38707466962152;
x(163)=-65.7513311956033;
x(164)=-60.8754631347831;
x(166)=-1.2423283151673e-13;
x(167)=46.3511189278308;
x(168)=-3.33504932722646e-14;
x(169)=-2.1286122672583e-13;
x(170)=15.4917075588888;
x(171)=-7.45222728941994e-14;
x(172)=-2.07548358214414e-13;
x(173)=-23.3502846028003;
x(174)=4.67867304007751e-15;
x(175)=-1.69965665905493e-13;
x(176)=-60.3298674144961;
x(178)=40.3014355829433;
x(179)=40.863453076365;
x(180)=-11.3718749297028;
x(181)=54.615832161304;
x(182)=11.6209646929255;
x(183)=-8.3918930886554;
x(184)=63.0850895612701;
x(185)=-24.8060849505013;
x(186)=-4.38707466962153;
x(187)=65.7513311956028;
x(188)=-60.8754631347831;

