function x=hh_disp6()
% output of displacements computed on processor 
% exactly 3 dofs/global node are output.
freq(6)=54779;
x=zeros(189,1);
x(4)=-1.09382380108467;
x(5)=76.3639130080349;
x(6)=-74.3514040541772;
x(7)=-10.3835182295043;
x(8)=39.8759210953324;
x(9)=-35.5179724365679;
x(13)=2.61657362443657e-12;
x(14)=77.0620328321794;
x(15)=-9.75575176198618e-12;
x(16)=7.94386778579792e-12;
x(17)=42.321947340714;
x(18)=-1.96997973489488e-12;
x(22)=1.09382380108995;
x(23)=76.3639130080313;
x(24)=74.3514040541559;
x(25)=10.3835182295184;
x(26)=39.8759210953313;
x(27)=35.5179724365637;
x(31)=5.33790541065379e-14;
x(32)=-1.53420028417561e-14;
x(33)=-73.6530876692837;
x(34)=9.26617723523426e-14;
x(35)=-5.2737680758877e-14;
x(36)=-33.0729872635503;
x(40)=1.55199423087687e-14;
x(41)=-4.45915006308528e-14;
x(42)=-1.06794573184743e-11;
x(43)=3.83464879646442e-14;
x(44)=-1.04567775879166e-14;
x(45)=-2.70183875272778e-12;
x(49)=-5.03972406341868e-15;
x(50)=-5.51960820799335e-14;
x(51)=73.6530876692608;
x(52)=1.45351395849924e-14;
x(53)=1.36004217870384e-14;
x(54)=33.0729872635448;
x(58)=1.09382380108472;
x(59)=-76.3639130080351;
x(60)=-74.3514040541772;
x(61)=10.3835182295043;
x(62)=-39.8759210953324;
x(63)=-35.5179724365679;
x(67)=-2.47979414780275e-12;
x(68)=-77.0620328321794;
x(69)=-9.80548975348938e-12;
x(70)=-7.86570808486431e-12;
x(71)=-42.321947340714;
x(72)=-1.98241423277068e-12;
x(76)=-1.09382380108997;
x(77)=-76.3639130080314;
x(78)=74.3514040541558;
x(79)=-10.3835182295184;
x(80)=-39.8759210953312;
x(81)=35.5179724365637;
x(82)=-21.3814483309965;
x(83)=-10.1908092766801;
x(84)=12.9447830272258;
x(85)=-39.2709910448181;
x(86)=-58.9382947647469;
x(87)=52.097112872833;
x(88)=-60.9883694267786;
x(89)=-91.7283652110553;
x(90)=55.6357820014697;
x(91)=-72.6651371598886;
x(92)=-118.101058304131;
x(94)=6.75015598972095e-12;
x(95)=-5.25316074066637;
x(96)=4.15667500419659e-12;
x(97)=2.39808173319034e-12;
x(98)=-51.5648079401574;
x(99)=7.68096697356668e-12;
x(100)=-2.1458390619955e-12;
x(101)=-85.7852947507862;
x(102)=5.76250158701441e-12;
x(103)=-4.2277292777726e-12;
x(104)=-114.19308224329;
x(106)=21.3814483310083;
x(107)=-10.1908092766762;
x(108)=-12.9447830272156;
x(109)=39.2709910448222;
x(110)=-58.9382947647406;
x(111)=-52.0971128728148;
x(112)=60.9883694267744;
x(113)=-91.72836521105;
x(114)=-55.6357820014556;
x(115)=72.6651371598804;
x(116)=-118.101058304127;
x(118)=8.51853581163714e-15;
x(119)=4.70653789379216e-14;
x(120)=17.8928144876317;
x(121)=-5.04144252386207e-14;
x(122)=-4.24834321367806e-14;
x(123)=59.3953698256063;
x(124)=-5.49443303354824e-14;
x(125)=-2.94667939273194e-14;
x(126)=62.1210939971485;
x(127)=-4.99344489368614e-14;
x(128)=-4.04840007003915e-14;
x(130)=1.59118877998089e-15;
x(131)=9.17679560813456e-15;
x(132)=5.40367750545556e-12;
x(133)=-4.15039963924291e-14;
x(134)=2.80399618454719e-14;
x(135)=9.37916411203332e-12;
x(136)=-4.46191798146845e-14;
x(137)=-5.29204501401037e-15;
x(138)=6.95621338309138e-12;
x(139)=-3.58125105788551e-14;
x(140)=-4.66206934168767e-18;
x(142)=1.68958678428352e-14;
x(143)=7.07117741097218e-14;
x(144)=-17.8928144876191;
x(145)=2.56503802573138e-14;
x(146)=6.47767429973189e-14;
x(147)=-59.3953698255849;
x(148)=7.52891672617384e-15;
x(149)=-5.44386177846537e-14;
x(150)=-62.1210939971323;
x(151)=1.82499414885795e-14;
x(152)=-4.4687994624204e-14;
x(154)=21.3814483309967;
x(155)=10.19080927668;
x(156)=12.9447830272259;
x(157)=39.2709910448181;
x(158)=58.9382947647468;
x(159)=52.0971128728331;
x(160)=60.9883694267784;
x(161)=91.7283652110553;
x(162)=55.6357820014698;
x(163)=72.6651371598884;
x(164)=118.101058304131;
x(166)=-6.79278855386656e-12;
x(167)=5.25316074066636;
x(168)=4.2277292777726e-12;
x(169)=-2.43716158365714e-12;
x(170)=51.5648079401574;
x(171)=7.63833440942108e-12;
x(172)=2.08011385893769e-12;
x(173)=85.7852947507862;
x(174)=5.76960701437201e-12;
x(175)=4.09627887165698e-12;
x(176)=114.19308224329;
x(178)=-21.3814483310084;
x(179)=10.1908092766763;
x(180)=-12.9447830272155;
x(181)=-39.2709910448223;
x(182)=58.9382947647406;
x(183)=-52.0971128728148;
x(184)=-60.9883694267744;
x(185)=91.7283652110501;
x(186)=-55.6357820014556;
x(187)=-72.6651371598804;
x(188)=118.101058304127;

