function x=hh_disp_a8()
% output of displacements computed on processor 
% the a-set info is output.
freq(8)=61958.5;
x=zeros(153,1);
x(1)=-6.74175458266598;
x(2)=71.2111058502109;
x(3)=-4.72336589263814;
x(4)=-14.3648542414632;
x(5)=4.47196595170126;
x(6)=9.74284191975073;
x(7)=-3.49720252756924e-15;
x(8)=73.9769676568214;
x(9)=2.70339306496226e-14;
x(10)=-3.42503803096861e-14;
x(11)=5.27996920148807;
x(12)=-3.11001224773122e-14;
x(13)=6.74175458266597;
x(14)=71.2111058502108;
x(15)=4.72336589263813;
x(16)=14.3648542414631;
x(17)=4.47196595170126;
x(18)=-9.74284191975086;
x(19)=-8.28818814687052;
x(20)=69.6580715812789;
x(21)=-2.08374983934334e-14;
x(22)=-21.2596134389422;
x(23)=11.7990762369967;
x(24)=-3.45765083231697e-14;
x(25)=1.9671764217577e-14;
x(26)=73.1172096183776;
x(27)=2.49245069028348e-14;
x(28)=3.32026073301961e-14;
x(29)=12.9561172852936;
x(30)=-1.74582570622306e-14;
x(31)=8.28818814687056;
x(32)=69.6580715812789;
x(33)=4.86381768194377e-14;
x(34)=21.2596134389422;
x(35)=11.7990762369967;
x(36)=-1.03805852802452e-14;
x(37)=-6.74175458266591;
x(38)=71.2111058502108;
x(39)=4.72336589263808;
x(40)=-14.3648542414631;
x(41)=4.47196595170117;
x(42)=-9.74284191975083;
x(43)=8.0102591226705e-14;
x(44)=73.9769676568213;
x(45)=-6.85562717706034e-15;
x(46)=8.79851747015437e-14;
x(47)=5.27996920148802;
x(48)=-1.58068003131007e-14;
x(49)=6.74175458266603;
x(50)=71.2111058502107;
x(51)=-4.72336589263807;
x(52)=14.3648542414632;
x(53)=4.4719659517012;
x(54)=9.74284191975081;
x(55)=8.56121947410064;
x(56)=-37.6728383040139;
x(57)=27.7973137532165;
x(58)=45.7928415801912;
x(59)=-48.0797136808436;
x(60)=33.0792610617137;
x(61)=77.0663270390936;
x(62)=-14.6916914612089;
x(63)=22.7882607438055;
x(64)=89.199309989823;
x(65)=36.7207067775649;
x(66)=-3.76920716860241e-14;
x(67)=-49.6742974596018;
x(68)=-4.59354776438659e-14;
x(69)=-4.96269692007445e-14;
x(70)=-60.1229027394757;
x(71)=-2.68673971959288e-14;
x(72)=-9.23150444975818e-14;
x(73)=-20.7738713602187;
x(74)=6.76021738588162e-15;
x(75)=-1.06470388061553e-13;
x(76)=33.9041318385433;
x(77)=-8.56121947410078;
x(78)=-37.6728383040138;
x(79)=-27.7973137532166;
x(80)=-45.7928415801914;
x(81)=-48.0797136808435;
x(82)=-33.0792610617138;
x(83)=-77.0663270390939;
x(84)=-14.6916914612088;
x(85)=-22.7882607438056;
x(86)=-89.1993099898233;
x(87)=36.7207067775651;
x(88)=3.6241826862035;
x(89)=-22.7055576038872;
x(90)=-2.07425222831237e-14;
x(91)=48.5075175764415;
x(92)=-30.4811647121064;
x(93)=1.99146255042137e-14;
x(94)=88.3877355269339;
x(95)=-1.12197933134384;
x(96)=4.49640324973188e-14;
x(97)=104.69751119029;
x(98)=48.6345309626096;
x(99)=2.18193518808363e-14;
x(100)=-36.4036596935048;
x(101)=-3.27793348020577e-14;
x(102)=1.79856129989275e-14;
x(103)=-45.3913884302269;
x(104)=-1.16616785672541e-14;
x(105)=6.91807722219551e-15;
x(106)=-9.47356598230284;
x(107)=-7.47665818146004e-15;
x(108)=2.88519208524463e-14;
x(109)=44.3146223335808;
x(110)=-3.62418268620347;
x(111)=-22.7055576038872;
x(112)=-2.36056833802234e-14;
x(113)=-48.5075175764415;
x(114)=-30.4811647121064;
x(115)=-3.26683124995952e-14;
x(116)=-88.387735526934;
x(117)=-1.12197933134384;
x(118)=3.56659146660832e-15;
x(119)=-104.69751119029;
x(120)=48.6345309626097;
x(121)=8.56121947410081;
x(122)=-37.6728383040139;
x(123)=-27.7973137532165;
x(124)=45.7928415801914;
x(125)=-48.0797136808435;
x(126)=-33.0792610617137;
x(127)=77.0663270390939;
x(128)=-14.6916914612088;
x(129)=-22.7882607438055;
x(130)=89.1993099898234;
x(131)=36.7207067775651;
x(132)=6.61692922676593e-14;
x(133)=-49.6742974596018;
x(134)=-1.9373391779709e-14;
x(135)=2.63677968348475e-14;
x(136)=-60.1229027394757;
x(137)=-2.19962936753859e-15;
x(138)=3.22519788653608e-14;
x(139)=-20.7738713602187;
x(140)=2.57918686408232e-14;
x(141)=1.82076576038526e-14;
x(142)=33.9041318385434;
x(143)=-8.56121947410066;
x(144)=-37.6728383040139;
x(145)=27.7973137532166;
x(146)=-45.7928415801914;
x(147)=-48.0797136808435;
x(148)=33.0792610617137;
x(149)=-77.0663270390938;
x(150)=-14.6916914612088;
x(151)=22.7882607438056;
x(152)=-89.1993099898232;
x(153)=36.720706777565;

