function x=hh_disp10()
% output of displacements computed on processor 
% exactly 3 dofs/global node are output.
freq(10)=76784.1;
x=zeros(189,1);
x(4)=-45.2593929026226;
x(5)=-19.7076499565144;
x(6)=-19.4521999927972;
x(7)=-34.7746118112835;
x(8)=14.6979010050614;
x(9)=16.1240830674654;
x(13)=-51.2413647493855;
x(14)=-1.08357765914922e-13;
x(15)=-21.0341180643575;
x(16)=-52.0963267196826;
x(17)=1.10578211102611e-13;
x(18)=15.6009061049655;
x(22)=-45.259392902622;
x(23)=19.707649956514;
x(24)=-19.4521999927982;
x(25)=-34.7746118112825;
x(26)=-14.697901005061;
x(27)=16.1240830674658;
x(31)=-51.5800806137522;
x(32)=-21.1433131317271;
x(33)=5.53335156596559e-13;
x(34)=-51.9014785057084;
x(35)=15.1539524706968;
x(36)=-2.08499885567667e-13;
x(40)=-57.5955557124509;
x(41)=1.15907283897546e-13;
x(42)=-2.72324968027329e-13;
x(43)=-70.7564509413287;
x(44)=-1.27009513234119e-13;
x(45)=-1.8241350564446e-13;
x(49)=-51.5800806137517;
x(50)=21.1433131317273;
x(51)=-5.24913445419367e-13;
x(52)=-51.9014785057079;
x(53)=-15.1539524706969;
x(54)=1.74971147050552e-13;
x(58)=-45.2593929026219;
x(59)=-19.7076499565132;
x(60)=19.4521999927979;
x(61)=-34.7746118112819;
x(62)=14.6979010050611;
x(63)=-16.1240830674659;
x(67)=-51.241364749385;
x(68)=4.81392702033665e-13;
x(69)=21.0341180643569;
x(70)=-52.0963267196814;
x(71)=-5.55999689372967e-13;
x(72)=-15.6009061049659;
x(76)=-45.2593929026214;
x(77)=19.7076499565142;
x(78)=19.4521999927967;
x(79)=-34.7746118112818;
x(80)=-14.6979010050618;
x(81)=-16.1240830674654;
x(82)=-13.0221486436938;
x(83)=29.6451325484028;
x(84)=31.8861227725719;
x(85)=14.430706316954;
x(86)=30.8869060545511;
x(87)=32.8346719085212;
x(88)=38.1902298834345;
x(89)=21.2537618660968;
x(90)=19.9035664634913;
x(91)=49.1302862036675;
x(92)=9.73078021465532;
x(94)=-22.1002230799958;
x(95)=3.74811294552272e-13;
x(96)=33.8005928414262;
x(97)=16.4991016225802;
x(98)=2.37143637620859e-13;
x(99)=34.5356396493243;
x(100)=47.9370781099477;
x(101)=-1.28591584811573e-13;
x(102)=20.3986912887467;
x(103)=61.2144474140703;
x(104)=-6.24389429558808e-13;
x(106)=-13.0221486436924;
x(107)=-29.6451325484022;
x(108)=31.8861227725728;
x(109)=14.4307063169557;
x(110)=-30.8869060545508;
x(111)=32.8346719085217;
x(112)=38.1902298834364;
x(113)=-21.2537618660973;
x(114)=19.903566463491;
x(115)=49.1302862036695;
x(116)=-9.7307802146569;
x(118)=-20.7158418792018;
x(119)=33.4634407890987;
x(120)=-3.6060043617091e-13;
x(121)=20.2251740302821;
x(122)=35.1791739720599;
x(123)=-1.44328996221267e-13;
x(124)=54.7841466208243;
x(125)=24.1736279572223;
x(126)=1.21458396561693e-13;
x(127)=69.8413040986621;
x(128)=11.3604345209817;
x(130)=-30.9605818000499;
x(131)=-1.34114942658578e-13;
x(132)=1.48204059634861e-14;
x(133)=22.535865194091;
x(134)=-7.76045882005541e-14;
x(135)=-9.83771967747459e-14;
x(136)=65.4540783997729;
x(137)=2.51354493832242e-13;
x(138)=-1.82504822282556e-13;
x(139)=82.9130457531541;
x(140)=8.26005927533414e-14;
x(142)=-20.7158418792015;
x(143)=-33.4634407890992;
x(144)=2.9887203731638e-13;
x(145)=20.2251740302822;
x(146)=-35.1791739720601;
x(147)=1.17239553842307e-13;
x(148)=54.7841466208245;
x(149)=-24.1736279572219;
x(150)=-5.56221736897098e-14;
x(151)=69.8413040986624;
x(152)=-11.3604345209813;
x(154)=-13.0221486436914;
x(155)=29.6451325484022;
x(156)=-31.8861227725729;
x(157)=14.4307063169571;
x(158)=30.8869060545512;
x(159)=-32.8346719085218;
x(160)=38.1902298834381;
x(161)=21.2537618660977;
x(162)=-19.9035664634912;
x(163)=49.1302862036714;
x(164)=9.73078021465751;
x(166)=-22.1002230799943;
x(167)=-6.9455552498122e-13;
x(168)=-33.8005928414263;
x(169)=16.4991016225822;
x(170)=-2.43360888231666e-13;
x(171)=-34.5356396493245;
x(172)=47.9370781099498;
x(173)=4.23661106619215e-13;
x(174)=-20.3986912887469;
x(175)=61.2144474140725;
x(176)=1.05160325273125e-12;
x(178)=-13.0221486436918;
x(179)=-29.6451325484033;
x(180)=-31.886122772572;
x(181)=14.4307063169562;
x(182)=-30.8869060545518;
x(183)=-32.8346719085212;
x(184)=38.1902298834367;
x(185)=-21.2537618660965;
x(186)=-19.9035664634913;
x(187)=49.1302862036696;
x(188)=-9.73078021465503;

