function x=hh_kd_a1()
% output of kdiag computed on processor 
% the a-set info is output.
x=zeros(153,1);
x(1)=2175287.50113734;
x(2)=2175287.50113734;
x(3)=2175287.50113734;
x(4)=2753846.03880205;
x(5)=1886008.23230499;
x(6)=1886008.23230499;
x(7)=4350575.00227468;
x(8)=4350575.00227468;
x(9)=4350575.00227468;
x(10)=5507692.0776041;
x(11)=3772016.46460997;
x(12)=3772016.46460997;
x(13)=2175287.50113734;
x(14)=2175287.50113734;
x(15)=2175287.50113734;
x(16)=2753846.03880205;
x(17)=1886008.23230499;
x(18)=1886008.23230499;
x(19)=4350575.00227468;
x(20)=4350575.00227468;
x(21)=4350575.00227468;
x(22)=5507692.0776041;
x(23)=3772016.46460997;
x(24)=3772016.46460997;
x(25)=8701150.00454936;
x(26)=8701150.00454936;
x(27)=8701150.00454936;
x(28)=11015384.1552082;
x(29)=7544032.92921995;
x(30)=7544032.92921995;
x(31)=4350575.00227468;
x(32)=4350575.00227468;
x(33)=4350575.00227468;
x(34)=5507692.0776041;
x(35)=3772016.46460997;
x(36)=3772016.46460997;
x(37)=2175287.50113734;
x(38)=2175287.50113734;
x(39)=2175287.50113734;
x(40)=2753846.03880205;
x(41)=1886008.23230499;
x(42)=1886008.23230499;
x(43)=4350575.00227468;
x(44)=4350575.00227468;
x(45)=4350575.00227468;
x(46)=5507692.0776041;
x(47)=3772016.46460997;
x(48)=3772016.46460997;
x(49)=2175287.50113734;
x(50)=2175287.50113734;
x(51)=2175287.50113734;
x(52)=2753846.03880205;
x(53)=1886008.23230499;
x(54)=1886008.23230499;
x(55)=3332403.94379376;
x(56)=1596729.0204949;
x(57)=1596729.0204949;
x(58)=3332403.94379376;
x(59)=1596729.0204949;
x(60)=1596729.0204949;
x(61)=3332405.20914043;
x(62)=1596728.90645052;
x(63)=1596728.90645052;
x(64)=1666202.92090705;
x(65)=798364.424714205;
x(66)=6664807.88758753;
x(67)=3193458.0409898;
x(68)=3193458.0409898;
x(69)=6664807.88758753;
x(70)=3193458.0409898;
x(71)=3193458.0409898;
x(72)=6664810.41828086;
x(73)=3193457.81290104;
x(74)=3193457.81290104;
x(75)=3332405.8418141;
x(76)=1596728.84942841;
x(77)=3332403.94379376;
x(78)=1596729.0204949;
x(79)=1596729.0204949;
x(80)=3332403.94379376;
x(81)=1596729.0204949;
x(82)=1596729.0204949;
x(83)=3332405.20914043;
x(84)=1596728.90645052;
x(85)=1596728.90645052;
x(86)=1666202.92090705;
x(87)=798364.424714204;
x(88)=6664807.88758753;
x(89)=3193458.0409898;
x(90)=3193458.0409898;
x(91)=6664807.88758753;
x(92)=3193458.0409898;
x(93)=3193458.0409898;
x(94)=6664810.41828086;
x(95)=3193457.81290104;
x(96)=3193457.81290104;
x(97)=3332405.8418141;
x(98)=1596728.84942841;
x(99)=13329615.7751751;
x(100)=6386916.0819796;
x(101)=6386916.0819796;
x(102)=13329615.7751751;
x(103)=6386916.0819796;
x(104)=6386916.0819796;
x(105)=13329620.8365617;
x(106)=6386915.62580208;
x(107)=6386915.62580208;
x(108)=6664811.68362821;
x(109)=3193457.69885682;
x(110)=6664807.88758753;
x(111)=3193458.0409898;
x(112)=3193458.0409898;
x(113)=6664807.88758753;
x(114)=3193458.0409898;
x(115)=3193458.0409898;
x(116)=6664810.41828086;
x(117)=3193457.81290104;
x(118)=3193457.81290104;
x(119)=3332405.8418141;
x(120)=1596728.84942841;
x(121)=3332403.94379376;
x(122)=1596729.0204949;
x(123)=1596729.0204949;
x(124)=3332403.94379376;
x(125)=1596729.0204949;
x(126)=1596729.0204949;
x(127)=3332405.20914043;
x(128)=1596728.90645052;
x(129)=1596728.90645052;
x(130)=1666202.92090705;
x(131)=798364.424714205;
x(132)=6664807.88758753;
x(133)=3193458.0409898;
x(134)=3193458.0409898;
x(135)=6664807.88758753;
x(136)=3193458.0409898;
x(137)=3193458.0409898;
x(138)=6664810.41828086;
x(139)=3193457.81290104;
x(140)=3193457.81290104;
x(141)=3332405.8418141;
x(142)=1596728.84942841;
x(143)=3332403.94379376;
x(144)=1596729.0204949;
x(145)=1596729.0204949;
x(146)=3332403.94379376;
x(147)=1596729.0204949;
x(148)=1596729.0204949;
x(149)=3332405.20914043;
x(150)=1596728.90645052;
x(151)=1596728.90645052;
x(152)=1666202.92090705;
x(153)=798364.424714204;

