function x=hh_kd1()
% output of kdiag computed on processor 
% exactly 2 dofs/global node are output.
x=zeros(126,1);
x(3)=2175287.50113734;
x(4)=2175287.50113734;
x(5)=2753846.03880205;
x(6)=1886008.23230499;
x(9)=4350575.00227468;
x(10)=4350575.00227468;
x(11)=5507692.0776041;
x(12)=3772016.46460997;
x(15)=2175287.50113734;
x(16)=2175287.50113734;
x(17)=2753846.03880205;
x(18)=1886008.23230499;
x(21)=4350575.00227468;
x(22)=4350575.00227468;
x(23)=5507692.0776041;
x(24)=3772016.46460997;
x(27)=8701150.00454936;
x(28)=8701150.00454936;
x(29)=11015384.1552082;
x(30)=7544032.92921995;
x(33)=4350575.00227468;
x(34)=4350575.00227468;
x(35)=5507692.0776041;
x(36)=3772016.46460997;
x(39)=2175287.50113734;
x(40)=2175287.50113734;
x(41)=2753846.03880205;
x(42)=1886008.23230499;
x(45)=4350575.00227468;
x(46)=4350575.00227468;
x(47)=5507692.0776041;
x(48)=3772016.46460997;
x(51)=2175287.50113734;
x(52)=2175287.50113734;
x(53)=2753846.03880205;
x(54)=1886008.23230499;
x(55)=3332403.94379376;
x(56)=1596729.0204949;
x(57)=3332403.94379376;
x(58)=1596729.0204949;
x(59)=3332405.20914043;
x(60)=1596728.90645052;
x(61)=1666202.92090705;
x(62)=798364.424714205;
x(63)=6664807.88758753;
x(64)=3193458.0409898;
x(65)=6664807.88758753;
x(66)=3193458.0409898;
x(67)=6664810.41828086;
x(68)=3193457.81290104;
x(69)=3332405.8418141;
x(70)=1596728.84942841;
x(71)=3332403.94379376;
x(72)=1596729.0204949;
x(73)=3332403.94379376;
x(74)=1596729.0204949;
x(75)=3332405.20914043;
x(76)=1596728.90645052;
x(77)=1666202.92090705;
x(78)=798364.424714204;
x(79)=6664807.88758753;
x(80)=3193458.0409898;
x(81)=6664807.88758753;
x(82)=3193458.0409898;
x(83)=6664810.41828086;
x(84)=3193457.81290104;
x(85)=3332405.8418141;
x(86)=1596728.84942841;
x(87)=13329615.7751751;
x(88)=6386916.0819796;
x(89)=13329615.7751751;
x(90)=6386916.0819796;
x(91)=13329620.8365617;
x(92)=6386915.62580208;
x(93)=6664811.68362821;
x(94)=3193457.69885682;
x(95)=6664807.88758753;
x(96)=3193458.0409898;
x(97)=6664807.88758753;
x(98)=3193458.0409898;
x(99)=6664810.41828086;
x(100)=3193457.81290104;
x(101)=3332405.8418141;
x(102)=1596728.84942841;
x(103)=3332403.94379376;
x(104)=1596729.0204949;
x(105)=3332403.94379376;
x(106)=1596729.0204949;
x(107)=3332405.20914043;
x(108)=1596728.90645052;
x(109)=1666202.92090705;
x(110)=798364.424714205;
x(111)=6664807.88758753;
x(112)=3193458.0409898;
x(113)=6664807.88758753;
x(114)=3193458.0409898;
x(115)=6664810.41828086;
x(116)=3193457.81290104;
x(117)=3332405.8418141;
x(118)=1596728.84942841;
x(119)=3332403.94379376;
x(120)=1596729.0204949;
x(121)=3332403.94379376;
x(122)=1596729.0204949;
x(123)=3332405.20914043;
x(124)=1596728.90645052;
x(125)=1666202.92090705;
x(126)=798364.424714204;

