function x=hh_pres_a1()
% output of apressure computed on processor 
% the a-set info is output.
freq(1)=7207.8;
x=zeros(153,1);
x(1)=11.8845607329636;
x(2)=11.1971590366443;
x(3)=3.81573388239032;
x(4)=20.1345993533092;
x(5)=30.829461454767;
x(6)=2.14783731818416;
x(7)=-1.5626006393545e-14;
x(8)=8.46152584663364;
x(9)=-2.10741398672606e-14;
x(10)=-1.06757546918921e-14;
x(11)=30.1934698271253;
x(12)=-2.11720990671677e-14;
x(13)=-11.8845607329636;
x(14)=11.1971590366443;
x(15)=-3.81573388239034;
x(16)=-20.1345993533092;
x(17)=30.829461454767;
x(18)=-2.14783731818425;
x(19)=11.5550101101566;
x(20)=12.8309901506384;
x(21)=-6.09212313412987e-15;
x(22)=20.6625449352801;
x(23)=31.9428910630484;
x(24)=-2.83638885313251e-14;
x(25)=3.75088540654842e-15;
x(26)=10.0520831360431;
x(27)=-2.85452724026457e-14;
x(28)=9.0909454158364e-16;
x(29)=31.2164996378935;
x(30)=-4.23792153879363e-14;
x(31)=-11.5550101101566;
x(32)=12.8309901506384;
x(33)=-2.52691574406455e-14;
x(34)=-20.6625449352801;
x(35)=31.9428910630484;
x(36)=-5.01424617327393e-14;
x(37)=11.8845607329636;
x(38)=11.1971590366443;
x(39)=-3.81573388239033;
x(40)=20.1345993533092;
x(41)=30.8294614547671;
x(42)=-2.14783731818422;
x(43)=9.30653041053363e-16;
x(44)=8.46152584663366;
x(45)=-2.79939731732462e-14;
x(46)=-6.59610430239538e-15;
x(47)=30.1934698271254;
x(48)=-3.53230982837047e-14;
x(49)=-11.8845607329636;
x(50)=11.1971590366443;
x(51)=3.81573388239028;
x(52)=-20.1345993533092;
x(53)=30.8294614547671;
x(54)=2.14783731818415;
x(55)=22.4923828441331;
x(56)=43.6196713771796;
x(57)=1.26788543406529;
x(58)=23.9067285517899;
x(59)=56.7154896743063;
x(60)=0.675123069743278;
x(61)=24.5374377153662;
x(62)=69.848316194863;
x(63)=0.282523944621864;
x(64)=24.6990483083639;
x(65)=82.5432277253178;
x(66)=-8.99028718083444e-15;
x(67)=42.9643982766161;
x(68)=-2.86657928902812e-14;
x(69)=-1.60735410240902e-15;
x(70)=56.4310931845305;
x(71)=-2.12167432428786e-14;
x(72)=3.38257527961473e-15;
x(73)=69.7535960377161;
x(74)=-8.04654985242435e-15;
x(75)=1.11848369136812e-14;
x(76)=82.5188993614603;
x(77)=-22.4923828441331;
x(78)=43.6196713771795;
x(79)=-1.26788543406538;
x(80)=-23.9067285517899;
x(81)=56.7154896743063;
x(82)=-0.675123069743318;
x(83)=-24.5374377153663;
x(84)=69.848316194863;
x(85)=-0.28252394462187;
x(86)=-24.6990483083639;
x(87)=82.5432277253178;
x(88)=22.935708355037;
x(89)=44.2924917684426;
x(90)=-2.84805254543136e-14;
x(91)=24.2300985854577;
x(92)=57.0875815687404;
x(93)=6.3899939110693e-15;
x(94)=24.7893333738843;
x(95)=70.0260429842933;
x(96)=1.27673737563804e-14;
x(97)=24.9304651005063;
x(98)=82.6822458847122;
x(99)=-3.32540671664996e-15;
x(100)=43.6710355196712;
x(101)=-1.44293515272271e-14;
x(102)=-3.86802873453531e-15;
x(103)=56.8348048455928;
x(104)=-4.08808494776673e-16;
x(105)=-1.62393349710173e-14;
x(106)=69.9465079392279;
x(107)=-3.51471150529494e-15;
x(108)=-1.82476493699645e-14;
x(109)=82.6646781920806;
x(110)=-22.9357083550371;
x(111)=44.2924917684426;
x(112)=-5.65648721811013e-14;
x(113)=-24.2300985854578;
x(114)=57.0875815687405;
x(115)=-3.53634368173596e-14;
x(116)=-24.7893333738843;
x(117)=70.0260429842932;
x(118)=-1.97885943570281e-14;
x(119)=-24.9304651005064;
x(120)=82.6822458847122;
x(121)=22.4923828441331;
x(122)=43.6196713771795;
x(123)=-1.26788543406533;
x(124)=23.9067285517898;
x(125)=56.7154896743063;
x(126)=-0.67512306974328;
x(127)=24.5374377153662;
x(128)=69.8483161948631;
x(129)=-0.282523944621844;
x(130)=24.6990483083639;
x(131)=82.5432277253179;
x(132)=-2.15327167622271e-14;
x(133)=42.9643982766161;
x(134)=-1.35701751779013e-14;
x(135)=-1.04624949108384e-14;
x(136)=56.4310931845305;
x(137)=-3.46740221612099e-16;
x(138)=-1.3679670394041e-14;
x(139)=69.7535960377161;
x(140)=-4.29029696507716e-15;
x(141)=-3.58778482281713e-14;
x(142)=82.5188993614603;
x(143)=-22.4923828441331;
x(144)=43.6196713771796;
x(145)=1.26788543406529;
x(146)=-23.9067285517899;
x(147)=56.7154896743063;
x(148)=0.675123069743253;
x(149)=-24.5374377153663;
x(150)=69.8483161948631;
x(151)=0.28252394462184;
x(152)=-24.699048308364;
x(153)=82.5432277253179;

