function x=hh_pres_a2()
% output of apressure computed on processor 
% the a-set info is output.
freq(2)=22731.5;
x=zeros(153,1);
x(1)=11.6393516412711;
x(2)=0.642543862000802;
x(3)=38.502759291124;
x(4)=-1.01180754968122;
x(5)=-6.85329380924956;
x(6)=62.0922021779287;
x(7)=12.7328157322471;
x(8)=1.49237393276547e-13;
x(9)=38.3657935558989;
x(10)=0.425491133478216;
x(11)=1.9594135342027e-13;
x(12)=58.952678263008;
x(13)=11.6393516412711;
x(14)=-0.642543862000495;
x(15)=38.5027592911242;
x(16)=-1.0118075496812;
x(17)=6.85329380925;
x(18)=62.0922021779291;
x(19)=-7.81319453579954e-15;
x(20)=1.89371088255008e-14;
x(21)=36.872570365684;
x(22)=-2.14446516100253e-14;
x(23)=4.00270094846888e-14;
x(24)=66.5485594042725;
x(25)=-4.57099635919889e-15;
x(26)=1.41515759614214e-14;
x(27)=36.5785961905123;
x(28)=-1.0692835505921e-14;
x(29)=7.09817404506707e-14;
x(30)=63.5423415989792;
x(31)=-1.54633250648573e-14;
x(32)=2.22764515167562e-14;
x(33)=36.8725703656842;
x(34)=6.80705491973299e-15;
x(35)=3.47144188395099e-14;
x(36)=66.5485594042729;
x(37)=-11.6393516412712;
x(38)=-0.642543862000759;
x(39)=38.502759291124;
x(40)=1.01180754968118;
x(41)=6.85329380924968;
x(42)=62.0922021779287;
x(43)=-12.7328157322471;
x(44)=-7.85786366530594e-14;
x(45)=38.3657935558989;
x(46)=-0.425491133478259;
x(47)=-1.46921537436118e-13;
x(48)=58.952678263008;
x(49)=-11.6393516412711;
x(50)=0.642543862000604;
x(51)=38.5027592911242;
x(52)=1.01180754968121;
x(53)=-6.85329380924991;
x(54)=62.0922021779291;
x(55)=-13.2514984991868;
x(56)=-8.23457624244286;
x(57)=61.377374778731;
x(58)=-25.0501347045388;
x(59)=-6.99289071726542;
x(60)=48.9088572257366;
x(61)=-33.7158454708056;
x(62)=-4.22842157885414;
x(63)=27.2882999073613;
x(64)=-37.2028291902593;
x(65)=-2.22778081904146;
x(66)=-13.0660080810279;
x(67)=1.71759308165154e-13;
x(68)=57.543593182743;
x(69)=-25.885754296925;
x(70)=1.62500221612127e-13;
x(71)=45.5742135343973;
x(72)=-34.789489351377;
x(73)=1.39391102826902e-13;
x(74)=25.2073303503555;
x(75)=-38.1562561249649;
x(76)=1.08759355688104e-13;
x(77)=-13.2514984991868;
x(78)=8.23457624244318;
x(79)=61.3773747787314;
x(80)=-25.0501347045389;
x(81)=6.99289071726573;
x(82)=48.9088572257369;
x(83)=-33.7158454708057;
x(84)=4.22842157885436;
x(85)=27.2882999073616;
x(86)=-37.2028291902594;
x(87)=2.2277808190416;
x(88)=-2.99482660892636e-14;
x(89)=1.00882843745431e-14;
x(90)=65.6314448188752;
x(91)=-5.82589532172051e-14;
x(92)=-2.02919278602387e-14;
x(93)=52.602880029086;
x(94)=-6.07985883860351e-14;
x(95)=-1.52085375543232e-14;
x(96)=29.2443202016299;
x(97)=-4.46795378472586e-14;
x(98)=-5.94962989465542e-14;
x(99)=-1.37875821870637e-14;
x(100)=3.03700207343605e-14;
x(101)=62.1758296884204;
x(102)=-1.5182299861749e-14;
x(103)=-2.40382224488047e-14;
x(104)=49.4779835757594;
x(105)=-2.79776202205539e-14;
x(106)=-2.9144323402102e-14;
x(107)=27.1831852907583;
x(108)=-1.48214773787458e-14;
x(109)=-7.21470002880767e-14;
x(110)=2.35089725464377e-14;
x(111)=3.82072845583892e-15;
x(112)=65.6314448188756;
x(113)=2.41334729977893e-14;
x(114)=-1.929966603198e-14;
x(115)=52.6028800290863;
x(116)=2.65343302885412e-14;
x(117)=-8.19056194395484e-14;
x(118)=29.2443202016302;
x(119)=2.38559172416331e-14;
x(120)=-4.82122479959768e-14;
x(121)=13.2514984991867;
x(122)=8.23457624244283;
x(123)=61.377374778731;
x(124)=25.0501347045388;
x(125)=6.99289071726537;
x(126)=48.9088572257366;
x(127)=33.7158454708055;
x(128)=4.22842157885403;
x(129)=27.2882999073614;
x(130)=37.2028291902592;
x(131)=2.22778081904132;
x(132)=13.0660080810279;
x(133)=-1.26112661980038e-13;
x(134)=57.543593182743;
x(135)=25.8857542969249;
x(136)=-1.74918239614907e-13;
x(137)=45.5742135343974;
x(138)=34.789489351377;
x(139)=-1.84223296340047e-13;
x(140)=25.2073303503555;
x(141)=38.1562561249648;
x(142)=-2.84060101829464e-13;
x(143)=13.2514984991868;
x(144)=-8.23457624244317;
x(145)=61.3773747787314;
x(146)=25.0501347045389;
x(147)=-6.99289071726581;
x(148)=48.9088572257369;
x(149)=33.7158454708058;
x(150)=-4.22842157885441;
x(151)=27.2882999073616;
x(152)=37.2028291902594;
x(153)=-2.22778081904174;

