function x=hh_pres9()
% output of apressure computed on processor 
% exactly 3 dofs/global node are output.
freq(9)=72707.6;
x=zeros(189,1);
x(4)=-41.0922281696686;
x(5)=-21.0250068026394;
x(6)=-15.277128879902;
x(7)=-69.6077432074341;
x(8)=-17.3421337044296;
x(9)=-12.2553366284364;
x(13)=-38.4392826547841;
x(14)=-8.53761505926176e-14;
x(15)=-27.8407797797321;
x(16)=-70.8640644801041;
x(17)=-1.837419105931e-14;
x(18)=-24.6872559322694;
x(22)=-41.0922281696689;
x(23)=21.0250068026393;
x(24)=-15.2771288799018;
x(25)=-69.6077432074347;
x(26)=17.3421337044296;
x(27)=-12.2553366284364;
x(31)=6.03961325396914e-13;
x(32)=8.70414851337182e-14;
x(33)=-7.22494537859771;
x(34)=6.89226453686655e-13;
x(35)=-3.86357612593975e-14;
x(36)=-12.131646275201;
x(40)=5.11590769747272e-13;
x(41)=-9.62563362348972e-14;
x(42)=-19.6980449657821;
x(43)=6.35935748505416e-13;
x(44)=1.08801856413908e-13;
x(45)=-24.0577497201077;
x(49)=2.84217094303406e-13;
x(50)=-2.42472708577503e-13;
x(51)=-7.22494537859739;
x(52)=2.89546164823561e-13;
x(53)=2.01616501271013e-13;
x(54)=-12.1316462752011;
x(58)=41.0922281696698;
x(59)=21.0250068026394;
x(60)=-15.2771288799025;
x(61)=69.6077432074353;
x(62)=17.3421337044295;
x(63)=-12.2553366284361;
x(67)=38.4392826547851;
x(68)=-3.18856052673529e-13;
x(69)=-27.8407797797325;
x(70)=70.8640644801051;
x(71)=2.67341704330853e-13;
x(72)=-24.6872559322691;
x(76)=41.0922281696694;
x(77)=-21.0250068026399;
x(78)=-15.277128879902;
x(79)=69.6077432074348;
x(80)=-17.3421337044291;
x(81)=-12.2553366284362;
x(82)=-81.1020773686149;
x(83)=-15.856592850009;
x(84)=-2.71444577276561;
x(85)=-94.4371502800474;
x(86)=-14.3193650716169;
x(87)=7.25977491883455;
x(88)=-106.558360652607;
x(89)=-10.1514342217861;
x(90)=8.74392181427464;
x(91)=-112.479003341251;
x(92)=-6.53869126181008;
x(94)=-82.2988575525106;
x(95)=-2.27595720036355e-14;
x(96)=-13.7718920521713;
x(97)=-95.898648121564;
x(98)=-1.05138120432362e-13;
x(99)=-2.13038731297431;
x(100)=-107.947422727626;
x(101)=-9.51322354470483e-15;
x(102)=2.47109995554027;
x(103)=-113.53465827014;
x(104)=1.06581410363597e-13;
x(106)=-81.1020773686155;
x(107)=15.8565928500089;
x(108)=-2.71444577276573;
x(109)=-94.437150280048;
x(110)=14.3193650716168;
x(111)=7.25977491883453;
x(112)=-106.558360652608;
x(113)=10.1514342217861;
x(114)=8.74392181427475;
x(115)=-112.479003341252;
x(116)=6.53869126181032;
x(118)=3.52606832624551e-13;
x(119)=-2.1493917756471e-13;
x(120)=-0.0492454999797911;
x(121)=-1.0125233984497e-13;
x(122)=-2.8776980798379e-13;
x(123)=10.8087366179979;
x(124)=-4.95603558199045e-13;
x(125)=-3.20632409510422e-13;
x(126)=10.9347635020661;
x(127)=-6.43041175857602e-13;
x(128)=-2.73558953269849e-13;
x(130)=3.0020430585656e-13;
x(131)=1.50990331347968e-13;
x(132)=-11.0611903256687;
x(133)=-1.95399252334623e-13;
x(134)=2.57849297479206e-14;
x(135)=1.45211589446791;
x(136)=-5.79092329638872e-13;
x(137)=-1.42330591756078e-13;
x(138)=4.59079389370993;
x(139)=-7.21200876802437e-13;
x(140)=-2.17714735129222e-13;
x(142)=5.77315972816088e-14;
x(143)=4.10338429904309e-13;
x(144)=-0.0492454999799231;
x(145)=-2.50466314353696e-13;
x(146)=3.2684965844979e-13;
x(147)=10.8087366179978;
x(148)=-5.25801624468424e-13;
x(149)=9.23705556470091e-14;
x(150)=10.9347635020661;
x(151)=-6.78568312642457e-13;
x(152)=-1.0036416142532e-13;
x(154)=81.1020773686154;
x(155)=15.8565928500087;
x(156)=-2.71444577276488;
x(157)=94.4371502800472;
x(158)=14.3193650716164;
x(159)=7.25977491883536;
x(160)=106.558360652606;
x(161)=10.1514342217855;
x(162)=8.74392181427516;
x(163)=112.47900334125;
x(164)=6.53869126180966;
x(166)=82.298857552511;
x(167)=3.68816088779841e-13;
x(168)=-13.7718920521706;
x(169)=95.8986481215636;
x(170)=1.44328993200258e-13;
x(171)=-2.13038731297365;
x(172)=107.947422727625;
x(173)=-1.68531855137752e-13;
x(174)=2.47109995554068;
x(175)=113.534658270139;
x(176)=-4.05453448589985e-13;
x(178)=81.1020773686154;
x(179)=-15.8565928500081;
x(180)=-2.71444577276518;
x(181)=94.4371502800475;
x(182)=-14.3193650716162;
x(183)=7.25977491883509;
x(184)=106.558360652607;
x(185)=-10.151434221786;
x(186)=8.74392181427505;
x(187)=112.47900334125;
x(188)=-6.53869126181049;

