function x=hh_pres7()
% output of apressure computed on processor 
% exactly 3 dofs/global node are output.
freq(7)=55099.8;
x=zeros(189,1);
x(4)=17.360562224472;
x(5)=11.6046270861717;
x(6)=-70.0410706736253;
x(7)=46.3478674445929;
x(8)=3.48718094189916;
x(9)=-13.7372669217454;
x(13)=16.7073283518979;
x(14)=-1.1689628431899e-11;
x(15)=-64.362984869463;
x(16)=52.09846237128;
x(17)=-6.34488381973108e-12;
x(18)=-13.0861607770009;
x(22)=17.3605622244717;
x(23)=-11.6046270861949;
x(24)=-70.0410706736479;
x(25)=46.3478674445897;
x(26)=-3.48718094191123;
x(27)=-13.7372669217562;
x(31)=-5.57115117927331e-14;
x(32)=1.7277845820729e-14;
x(33)=-75.4465752391635;
x(34)=-7.58299673053742e-14;
x(35)=2.40441347387765e-14;
x(36)=-17.9275508619632;
x(40)=5.6457253152023e-15;
x(41)=1.66533453693773e-14;
x(42)=-70.2908070505406;
x(43)=-4.80847475145584e-14;
x(44)=-1.44892778330963e-14;
x(45)=-18.0749295261046;
x(49)=3.57465793077161e-14;
x(50)=5.53029844141406e-15;
x(51)=-75.4465752391859;
x(52)=1.44068784679874e-14;
x(53)=-1.9895543545978e-14;
x(54)=-17.9275508619732;
x(58)=-17.3605622244721;
x(59)=-11.6046270861717;
x(60)=-70.0410706736252;
x(61)=-46.347867444593;
x(62)=-3.48718094189919;
x(63)=-13.7372669217454;
x(67)=-16.707328351898;
x(68)=1.17396578569462e-11;
x(69)=-64.362984869463;
x(70)=-52.09846237128;
x(71)=6.41760733097185e-12;
x(72)=-13.0861607770009;
x(76)=-17.3605622244717;
x(77)=11.6046270861949;
x(78)=-70.0410706736478;
x(79)=-46.3478674445897;
x(80)=3.48718094191126;
x(81)=-13.7372669217561;
x(82)=38.5739305258839;
x(83)=-12.6171083328374;
x(84)=33.61108803667;
x(85)=13.7661546810024;
x(86)=-20.5006395674398;
x(87)=60.2427786155835;
x(88)=-13.3645490230859;
x(89)=-16.9100095063693;
x(90)=46.4230449158786;
x(91)=-26.7081077159943;
x(92)=-11.8978082185814;
x(94)=44.5954179041327;
x(95)=8.52547199503562e-13;
x(96)=27.4820950117619;
x(97)=16.0961964570944;
x(98)=7.89190934824546e-12;
x(99)=50.2876242820569;
x(100)=-13.5721371026776;
x(101)=1.30493307132218e-11;
x(102)=38.0381405537621;
x(103)=-27.222585259287;
x(104)=1.73160548400109e-11;
x(106)=38.5739305258775;
x(107)=12.6171083328406;
x(108)=33.6110880366741;
x(109)=13.7661546809906;
x(110)=20.5006395674579;
x(111)=60.2427786155994;
x(112)=-13.3645490231043;
x(113)=16.9100095063972;
x(114)=46.4230449158956;
x(115)=-26.7081077160163;
x(116)=11.8978082186173;
x(118)=-6.49554195153446e-14;
x(119)=-1.21656157370253e-14;
x(120)=41.1094333493263;
x(121)=-4.14460132880379e-14;
x(122)=5.8193033725118e-14;
x(123)=70.4137254133249;
x(124)=-5.75511860390066e-14;
x(125)=-2.28199620658232e-14;
x(126)=53.3694186938422;
x(127)=-5.59829960167235e-14;
x(128)=1.67123259675606e-14;
x(130)=-3.99696975414117e-15;
x(131)=-6.54996890059323e-14;
x(132)=35.5700235842485;
x(133)=3.7386602806124e-15;
x(134)=-2.49904263949219e-14;
x(135)=61.5376563891341;
x(136)=-1.02437437194845e-14;
x(137)=-2.40285222274927e-14;
x(138)=45.4827438792837;
x(139)=-2.07816450408915e-14;
x(140)=2.96603019922514e-14;
x(142)=-3.19217308836217e-14;
x(143)=-3.32667920988072e-14;
x(144)=41.1094333493319;
x(145)=6.99787450209044e-15;
x(146)=-3.74804354219549e-14;
x(147)=70.4137254133431;
x(148)=5.93969318174459e-14;
x(149)=3.36205672676892e-14;
x(150)=53.369418693861;
x(151)=1.34822708552917e-14;
x(152)=-7.42461647718073e-15;
x(154)=-38.5739305258839;
x(155)=12.6171083328375;
x(156)=33.6110880366701;
x(157)=-13.7661546810025;
x(158)=20.50063956744;
x(159)=60.2427786155835;
x(160)=13.364549023086;
x(161)=16.9100095063693;
x(162)=46.4230449158786;
x(163)=26.7081077159945;
x(164)=11.8978082185815;
x(166)=-44.5954179041327;
x(167)=-7.90242871140379e-13;
x(168)=27.4820950117619;
x(169)=-16.0961964570944;
x(170)=-7.90219625845801e-12;
x(171)=50.287624282057;
x(172)=13.5721371026776;
x(173)=-1.30424646777039e-11;
x(174)=38.0381405537622;
x(175)=27.2225852592871;
x(176)=-1.72635516992869e-11;
x(178)=-38.5739305258773;
x(179)=-12.6171083328407;
x(180)=33.611088036674;
x(181)=-13.7661546809905;
x(182)=-20.5006395674578;
x(183)=60.2427786155993;
x(184)=13.3645490231044;
x(185)=-16.9100095063973;
x(186)=46.4230449158955;
x(187)=26.7081077160164;
x(188)=-11.8978082186173;

