function x=hh_pres4()
% output of apressure computed on processor 
% exactly 3 dofs/global node are output.
freq(4)=26918.5;
x=zeros(189,1);
x(4)=-0.186017330095566;
x(5)=-45.9155651149774;
x(6)=46.2616364065763;
x(7)=-2.71750331982906;
x(8)=-71.0841442075586;
x(9)=72.0782191748413;
x(13)=1.72376808652219e-13;
x(14)=-45.7590467647668;
x(15)=1.43230300163594e-13;
x(16)=2.51998327861895e-13;
x(17)=-70.3808842377637;
x(18)=1.51450510187689e-13;
x(22)=0.186017330095893;
x(23)=-45.9155651149774;
x(24)=-46.2616364065759;
x(25)=2.71750331982954;
x(26)=-71.0841442075586;
x(27)=-72.078219174841;
x(31)=1.19015908239817e-13;
x(32)=4.70734562441066e-14;
x(33)=46.418266056464;
x(34)=2.75557354711964e-13;
x(35)=4.79616346638068e-14;
x(36)=72.780899583086;
x(40)=1.34601883323441e-13;
x(41)=1.77635683940025e-15;
x(42)=5.21416965878939e-14;
x(43)=2.6339261830437e-13;
x(44)=3.90798504668055e-14;
x(45)=1.27283465425083e-13;
x(49)=1.33004718350094e-13;
x(50)=-4.52970994047064e-14;
x(51)=-46.4182660564638;
x(52)=2.80886425230165e-13;
x(53)=1.37667655053519e-14;
x(54)=-72.7808995830857;
x(58)=0.186017330095847;
x(59)=45.9155651149774;
x(60)=46.2616364065761;
x(61)=2.7175033198295;
x(62)=71.0841442075587;
x(63)=72.0782191748412;
x(67)=1.0942733586127e-13;
x(68)=45.7590467647668;
x(69)=2.38652053014134e-15;
x(70)=2.48935261229797e-13;
x(71)=70.3808842377637;
x(72)=8.38198376962707e-14;
x(76)=-0.18601733009562;
x(77)=45.9155651149773;
x(78)=-46.261636406576;
x(79)=-2.71750331982903;
x(80)=71.0841442075586;
x(81)=-72.0782191748411;
x(82)=-6.35389371346396;
x(83)=-72.0689947087161;
x(84)=72.6802682047035;
x(85)=-13.2393272877216;
x(86)=-65.987068897359;
x(87)=63.2456334012545;
x(88)=-22.8411952323683;
x(89)=-56.5700998049127;
x(90)=41.6811806568329;
x(91)=-28.3780634467643;
x(92)=-56.8373070932464;
x(94)=2.62924516223142e-13;
x(95)=-70.3689621118357;
x(96)=1.42644147422802e-13;
x(97)=2.70397286489078e-13;
x(98)=-62.9819484121384;
x(99)=1.36130589723445e-13;
x(100)=2.44535476726093e-13;
x(101)=-53.9067945902676;
x(102)=8.60943214181307e-14;
x(103)=2.32289892878515e-13;
x(104)=-54.9913447325951;
x(106)=6.35389371346451;
x(107)=-72.0689947087161;
x(108)=-72.6802682047032;
x(109)=13.2393272877221;
x(110)=-65.987068897359;
x(111)=-63.2456334012543;
x(112)=22.8411952323688;
x(113)=-56.5700998049127;
x(114)=-41.6811806568328;
x(115)=28.3780634467648;
x(116)=-56.8373070932464;
x(118)=2.8244073746464e-13;
x(119)=3.46389583683049e-14;
x(120)=74.3858581574642;
x(121)=2.8155255904494e-13;
x(122)=-1.44884104713583e-14;
x(123)=66.2121182021311;
x(124)=3.06865644006393e-13;
x(125)=-4.15223411209809e-14;
x(126)=44.6115597935821;
x(127)=3.17079695832945e-13;
x(128)=-7.50510764646606e-14;
x(130)=3.01872488863107e-13;
x(131)=1.46549439250521e-14;
x(132)=1.32693031989042e-13;
x(133)=3.07674821278025e-13;
x(134)=-3.29736238313671e-14;
x(135)=1.3218532041261e-13;
x(136)=3.27049212920948e-13;
x(137)=-3.90798504668055e-14;
x(138)=1.06009170895945e-13;
x(139)=3.24702255696965e-13;
x(140)=-5.41788836017076e-14;
x(142)=3.16635606623095e-13;
x(143)=-1.08801856413265e-14;
x(144)=-74.3858581574639;
x(145)=3.41504602374698e-13;
x(146)=-3.59712259978551e-14;
x(147)=-66.2121182021309;
x(148)=3.20188320301895e-13;
x(149)=-9.1926466438963e-14;
x(150)=-44.6115597935819;
x(151)=2.97539770599542e-13;
x(152)=-3.15303338993544e-14;
x(154)=6.35389371346448;
x(155)=72.0689947087162;
x(156)=72.6802682047035;
x(157)=13.2393272877222;
x(158)=65.987068897359;
x(159)=63.2456334012545;
x(160)=22.8411952323689;
x(161)=56.5700998049127;
x(162)=41.681180656833;
x(163)=28.378063446765;
x(164)=56.8373070932463;
x(166)=3.12457496042312e-13;
x(167)=70.3689621118357;
x(168)=1.36456544282763e-13;
x(169)=3.77131745176726e-13;
x(170)=62.9819484121384;
x(171)=1.32830554160668e-13;
x(172)=4.35064204214825e-13;
x(173)=53.9067945902675;
x(174)=7.4017910061474e-14;
x(175)=4.52691413247176e-13;
x(176)=54.9913447325949;
x(178)=-6.35389371346391;
x(179)=72.0689947087161;
x(180)=-72.6802682047032;
x(181)=-13.2393272877215;
x(182)=65.9870688973589;
x(183)=-63.2456334012542;
x(184)=-22.8411952323682;
x(185)=56.5700998049126;
x(186)=-41.6811806568328;
x(187)=-28.3780634467642;
x(188)=56.8373070932463;

