function x=hh_pres_a6()
% output of apressure computed on processor 
% the a-set info is output.
freq(6)=54779;
x=zeros(153,1);
x(1)=-1.09382380108467;
x(2)=76.3639130080349;
x(3)=-74.3514040541772;
x(4)=-10.3835182295043;
x(5)=39.8759210953324;
x(6)=-35.5179724365679;
x(7)=2.61657362443657e-12;
x(8)=77.0620328321794;
x(9)=-9.75575176198618e-12;
x(10)=7.94386778579792e-12;
x(11)=42.321947340714;
x(12)=-1.96997973489488e-12;
x(13)=1.09382380108995;
x(14)=76.3639130080313;
x(15)=74.3514040541559;
x(16)=10.3835182295184;
x(17)=39.8759210953313;
x(18)=35.5179724365637;
x(19)=5.33790541065379e-14;
x(20)=-1.53420028417561e-14;
x(21)=-73.6530876692837;
x(22)=9.26617723523426e-14;
x(23)=-5.2737680758877e-14;
x(24)=-33.0729872635503;
x(25)=1.55199423087687e-14;
x(26)=-4.45915006308528e-14;
x(27)=-1.06794573184743e-11;
x(28)=3.83464879646442e-14;
x(29)=-1.04567775879166e-14;
x(30)=-2.70183875272778e-12;
x(31)=-5.03972406341868e-15;
x(32)=-5.51960820799335e-14;
x(33)=73.6530876692608;
x(34)=1.45351395849924e-14;
x(35)=1.36004217870384e-14;
x(36)=33.0729872635448;
x(37)=1.09382380108472;
x(38)=-76.3639130080351;
x(39)=-74.3514040541772;
x(40)=10.3835182295043;
x(41)=-39.8759210953324;
x(42)=-35.5179724365679;
x(43)=-2.47979414780275e-12;
x(44)=-77.0620328321794;
x(45)=-9.80548975348938e-12;
x(46)=-7.86570808486431e-12;
x(47)=-42.321947340714;
x(48)=-1.98241423277068e-12;
x(49)=-1.09382380108997;
x(50)=-76.3639130080314;
x(51)=74.3514040541558;
x(52)=-10.3835182295184;
x(53)=-39.8759210953312;
x(54)=35.5179724365637;
x(55)=-21.3814483309965;
x(56)=-10.1908092766801;
x(57)=12.9447830272258;
x(58)=-39.2709910448181;
x(59)=-58.9382947647469;
x(60)=52.097112872833;
x(61)=-60.9883694267786;
x(62)=-91.7283652110553;
x(63)=55.6357820014697;
x(64)=-72.6651371598886;
x(65)=-118.101058304131;
x(66)=6.75015598972095e-12;
x(67)=-5.25316074066637;
x(68)=4.15667500419659e-12;
x(69)=2.39808173319034e-12;
x(70)=-51.5648079401574;
x(71)=7.68096697356668e-12;
x(72)=-2.1458390619955e-12;
x(73)=-85.7852947507862;
x(74)=5.76250158701441e-12;
x(75)=-4.2277292777726e-12;
x(76)=-114.19308224329;
x(77)=21.3814483310083;
x(78)=-10.1908092766762;
x(79)=-12.9447830272156;
x(80)=39.2709910448222;
x(81)=-58.9382947647406;
x(82)=-52.0971128728148;
x(83)=60.9883694267744;
x(84)=-91.72836521105;
x(85)=-55.6357820014556;
x(86)=72.6651371598804;
x(87)=-118.101058304127;
x(88)=8.51853581163714e-15;
x(89)=4.70653789379216e-14;
x(90)=17.8928144876317;
x(91)=-5.04144252386207e-14;
x(92)=-4.24834321367806e-14;
x(93)=59.3953698256063;
x(94)=-5.49443303354824e-14;
x(95)=-2.94667939273194e-14;
x(96)=62.1210939971485;
x(97)=-4.99344489368614e-14;
x(98)=-4.04840007003915e-14;
x(99)=1.59118877998089e-15;
x(100)=9.17679560813456e-15;
x(101)=5.40367750545556e-12;
x(102)=-4.15039963924291e-14;
x(103)=2.80399618454719e-14;
x(104)=9.37916411203332e-12;
x(105)=-4.46191798146845e-14;
x(106)=-5.29204501401037e-15;
x(107)=6.95621338309138e-12;
x(108)=-3.58125105788551e-14;
x(109)=-4.66206934168767e-18;
x(110)=1.68958678428352e-14;
x(111)=7.07117741097218e-14;
x(112)=-17.8928144876191;
x(113)=2.56503802573138e-14;
x(114)=6.47767429973189e-14;
x(115)=-59.3953698255849;
x(116)=7.52891672617384e-15;
x(117)=-5.44386177846537e-14;
x(118)=-62.1210939971323;
x(119)=1.82499414885795e-14;
x(120)=-4.4687994624204e-14;
x(121)=21.3814483309967;
x(122)=10.19080927668;
x(123)=12.9447830272259;
x(124)=39.2709910448181;
x(125)=58.9382947647468;
x(126)=52.0971128728331;
x(127)=60.9883694267784;
x(128)=91.7283652110553;
x(129)=55.6357820014698;
x(130)=72.6651371598884;
x(131)=118.101058304131;
x(132)=-6.79278855386656e-12;
x(133)=5.25316074066636;
x(134)=4.2277292777726e-12;
x(135)=-2.43716158365714e-12;
x(136)=51.5648079401574;
x(137)=7.63833440942108e-12;
x(138)=2.08011385893769e-12;
x(139)=85.7852947507862;
x(140)=5.76960701437201e-12;
x(141)=4.09627887165698e-12;
x(142)=114.19308224329;
x(143)=-21.3814483310084;
x(144)=10.1908092766763;
x(145)=-12.9447830272155;
x(146)=-39.2709910448223;
x(147)=58.9382947647406;
x(148)=-52.0971128728148;
x(149)=-60.9883694267744;
x(150)=91.7283652110501;
x(151)=-55.6357820014556;
x(152)=-72.6651371598804;
x(153)=118.101058304127;

