function x=hh_pres_a5()
% output of apressure computed on processor 
% the a-set info is output.
freq(5)=28565;
x=zeros(153,1);
x(1)=3.46468662465362;
x(2)=45.3967773912799;
x(3)=-3.48381251947196;
x(4)=-22.7197387974118;
x(5)=56.1071730698012;
x(6)=-11.530162790598;
x(7)=1.40036985637122e-15;
x(8)=46.0639983185316;
x(9)=7.5440888698197e-15;
x(10)=-1.38067302321943e-13;
x(11)=62.8174654003414;
x(12)=-1.32296240867846e-14;
x(13)=-3.46468662465375;
x(14)=45.3967773912799;
x(15)=3.48381251947186;
x(16)=22.7197387974116;
x(17)=56.1071730698012;
x(18)=11.5301627905979;
x(19)=5.31673083996926;
x(20)=43.2663536092944;
x(21)=-6.16243205784421e-14;
x(22)=-21.6949531642084;
x(23)=50.6729682147806;
x(24)=-1.50174145407944e-14;
x(25)=-7.82486335977174e-14;
x(26)=43.7967844679298;
x(27)=1.88248331465986e-14;
x(28)=-1.31896723840394e-13;
x(29)=57.7244028079876;
x(30)=-4.03198408921512e-15;
x(31)=-5.31673083996937;
x(32)=43.2663536092945;
x(33)=-4.1185760462069e-14;
x(34)=21.6949531642083;
x(35)=50.6729682147807;
x(36)=-4.40324065430765e-14;
x(37)=3.46468662465366;
x(38)=45.3967773912798;
x(39)=3.48381251947191;
x(40)=-22.7197387974118;
x(41)=56.1071730698012;
x(42)=11.530162790598;
x(43)=1.26626915455255e-14;
x(44)=46.0639983185316;
x(45)=4.77463148683457e-14;
x(46)=-4.29452932254591e-14;
x(47)=62.8174654003414;
x(48)=-5.48873771175812e-15;
x(49)=-3.46468662465373;
x(50)=45.3967773912799;
x(51)=-3.48381251947183;
x(52)=22.7197387974116;
x(53)=56.1071730698012;
x(54)=-11.530162790598;
x(55)=-40.3014355829436;
x(56)=40.863453076365;
x(57)=-11.3718749297029;
x(58)=-54.6158321613042;
x(59)=11.6209646929254;
x(60)=-8.39189308865544;
x(61)=-63.0850895612704;
x(62)=-24.8060849505013;
x(63)=-4.38707466962159;
x(64)=-65.7513311956031;
x(65)=-60.8754631347831;
x(66)=-1.28851276737125e-13;
x(67)=46.3511189278308;
x(68)=-7.8111604315058e-14;
x(69)=-1.22150622177443e-13;
x(70)=15.4917075588888;
x(71)=-3.74420902312877e-14;
x(72)=-1.26495505359343e-13;
x(73)=-23.3502846028004;
x(74)=-2.23264538251266e-14;
x(75)=-1.29675905950999e-13;
x(76)=-60.3298674144961;
x(77)=40.3014355829433;
x(78)=40.8634530763651;
x(79)=11.3718749297027;
x(80)=54.615832161304;
x(81)=11.6209646929254;
x(82)=8.39189308865525;
x(83)=63.0850895612701;
x(84)=-24.8060849505013;
x(85)=4.38707466962148;
x(86)=65.7513311956029;
x(87)=-60.8754631347831;
x(88)=-41.0286808486035;
x(89)=35.3767307056851;
x(90)=-1.36473763249957e-14;
x(91)=-56.6172458310535;
x(92)=7.40682260010514;
x(93)=-3.90402541190314e-14;
x(94)=-65.8548399257452;
x(95)=-27.2877294119113;
x(96)=-5.82864566017105e-14;
x(97)=-68.8398000235315;
x(98)=-62.8785545114633;
x(99)=-1.44248601508469e-13;
x(100)=41.3707006225064;
x(101)=-1.08140298490718e-13;
x(102)=-1.69015425936752e-13;
x(103)=11.619782098416;
x(104)=-6.89121757980257e-14;
x(105)=-1.72655286938033e-13;
x(106)=-25.6496165450818;
x(107)=3.586377278134e-14;
x(108)=-1.83370730959841e-13;
x(109)=-62.2258341556977;
x(110)=41.0286808486033;
x(111)=35.3767307056851;
x(112)=-4.55853076268259e-14;
x(113)=56.6172458310533;
x(114)=7.40682260010522;
x(115)=-3.72044240837602e-14;
x(116)=65.854839925745;
x(117)=-27.2877294119114;
x(118)=-4.46280397524957e-14;
x(119)=68.8398000235313;
x(120)=-62.8785545114634;
x(121)=-40.3014355829436;
x(122)=40.863453076365;
x(123)=11.3718749297029;
x(124)=-54.6158321613043;
x(125)=11.6209646929254;
x(126)=8.39189308865536;
x(127)=-63.0850895612705;
x(128)=-24.8060849505013;
x(129)=4.38707466962152;
x(130)=-65.7513311956033;
x(131)=-60.8754631347831;
x(132)=-1.2423283151673e-13;
x(133)=46.3511189278308;
x(134)=-3.33504932722646e-14;
x(135)=-2.1286122672583e-13;
x(136)=15.4917075588888;
x(137)=-7.45222728941994e-14;
x(138)=-2.07548358214414e-13;
x(139)=-23.3502846028003;
x(140)=4.67867304007751e-15;
x(141)=-1.69965665905493e-13;
x(142)=-60.3298674144961;
x(143)=40.3014355829433;
x(144)=40.863453076365;
x(145)=-11.3718749297028;
x(146)=54.615832161304;
x(147)=11.6209646929255;
x(148)=-8.3918930886554;
x(149)=63.0850895612701;
x(150)=-24.8060849505013;
x(151)=-4.38707466962153;
x(152)=65.7513311956028;
x(153)=-60.8754631347831;

