function x=hh_pres_a3()
% output of apressure computed on processor 
% the a-set info is output.
freq(3)=25530;
x=zeros(153,1);
x(1)=-23.1872794573599;
x(2)=-9.2530248865175;
x(3)=-9.25333634132025;
x(4)=-42.3644532690945;
x(5)=-6.49970677257125;
x(6)=-6.51201248094766;
x(7)=-21.5125391964616;
x(8)=-3.16191517413245e-13;
x(9)=-9.32263771658801;
x(10)=-43.8661817733349;
x(11)=-4.67181848762266e-13;
x(12)=-6.79281704666421;
x(13)=-23.1872794573599;
x(14)=9.25302488651686;
x(15)=-9.25333634132072;
x(16)=-42.3644532690946;
x(17)=6.49970677257031;
x(18)=-6.51201248094844;
x(19)=-21.5102576111569;
x(20)=-9.32279292169276;
x(21)=2.36255459640233e-13;
x(22)=-43.8684473614284;
x(23)=-6.79057290124452;
x(24)=3.65929508916452e-13;
x(25)=-19.762845913235;
x(26)=-7.60780327624389e-14;
x(27)=2.68196894667143e-14;
x(28)=-45.4062227768661;
x(29)=-1.15130127653629e-13;
x(30)=1.00316051265161e-14;
x(31)=-21.5102576111569;
x(32)=9.32279292169262;
x(33)=-2.06057393370429e-13;
x(34)=-43.8684473614285;
x(35)=6.79057290124432;
x(36)=-3.49942297361849e-13;
x(37)=-23.1872794573599;
x(38)=-9.25302488651705;
x(39)=9.25333634132072;
x(40)=-42.3644532690945;
x(41)=-6.49970677257054;
x(42)=6.51201248094841;
x(43)=-21.5125391964615;
x(44)=1.3855583347322e-13;
x(45)=9.32263771658806;
x(46)=-43.8661817733349;
x(47)=2.34479102800833e-13;
x(48)=6.79281704666424;
x(49)=-23.1872794573599;
x(50)=9.25302488651733;
x(51)=9.25333634132026;
x(52)=-42.3644532690945;
x(53)=6.49970677257103;
x(54)=6.51201248094771;
x(55)=-50.7575291334034;
x(56)=-4.9780313416631;
x(57)=-5.01062692894013;
x(58)=-56.978642288123;
x(59)=-3.40834384321802;
x(60)=-3.45421007850846;
x(61)=-60.8372110321012;
x(62)=-1.77960909993233;
x(63)=-1.74956698991569;
x(64)=-62.2133214023079;
x(65)=-0.417290300413544;
x(66)=-52.332605894243;
x(67)=-4.31654711974261e-13;
x(68)=-5.01156494032357;
x(69)=-58.5821691427662;
x(70)=-3.73034936274053e-13;
x(71)=-3.42574668986252;
x(72)=-62.391531528385;
x(73)=-2.52242671194836e-13;
x(74)=-1.71906353921378;
x(75)=-63.7153513487372;
x(76)=-1.65201186064223e-13;
x(77)=-50.7575291334035;
x(78)=4.97803134166226;
x(79)=-5.01062692894092;
x(80)=-56.9786422881232;
x(81)=3.4083438432173;
x(82)=-3.45421007850915;
x(83)=-60.8372110321012;
x(84)=1.77960909993182;
x(85)=-1.74956698991612;
x(86)=-62.2133214023079;
x(87)=0.417290300413219;
x(88)=-52.3543442981346;
x(89)=-5.00823589582953;
x(90)=3.80140363631654e-13;
x(91)=-58.6639922937574;
x(92)=-3.43300095520598;
x(93)=3.30402372128447e-13;
x(94)=-62.5914632074645;
x(95)=-1.80197803465969;
x(96)=1.95399252334028e-13;
x(97)=-63.990540554932;
x(98)=-0.430512689310034;
x(99)=-54.0186561190077;
x(100)=-9.23428000731974e-14;
x(101)=-2.79068325234783e-14;
x(102)=-60.2958960272627;
x(103)=-2.57710519591114e-14;
x(104)=-2.1564040837537e-14;
x(105)=-64.1498872907563;
x(106)=3.36952687973735e-14;
x(107)=-3.56245636820429e-15;
x(108)=-65.489201870299;
x(109)=1.29174448915137e-13;
x(110)=-52.3543442981347;
x(111)=5.0082358958294;
x(112)=-4.13891143580258e-13;
x(113)=-58.6639922937576;
x(114)=3.43300095520596;
x(115)=-3.81916720471054e-13;
x(116)=-62.5914632074647;
x(117)=1.80197803465977;
x(118)=-2.48689957516035e-13;
x(119)=-63.9905405549322;
x(120)=0.430512689310249;
x(121)=-50.7575291334033;
x(122)=-4.97803134166239;
x(123)=5.01062692894087;
x(124)=-56.9786422881229;
x(125)=-3.40834384321737;
x(126)=3.45421007850909;
x(127)=-60.837211032101;
x(128)=-1.77960909993174;
x(129)=1.74956698991611;
x(130)=-62.2133214023078;
x(131)=-0.417290300413011;
x(132)=-52.332605894243;
x(133)=2.59348098552437e-13;
x(134)=5.01156494032353;
x(135)=-58.5821691427662;
x(136)=2.91322521661641e-13;
x(137)=3.42574668986247;
x(138)=-62.391531528385;
x(139)=3.14415160573844e-13;
x(140)=1.71906353921375;
x(141)=-63.7153513487372;
x(142)=4.05009359383257e-13;
x(143)=-50.7575291334035;
x(144)=4.97803134166295;
x(145)=5.01062692894017;
x(146)=-56.9786422881232;
x(147)=3.40834384321803;
x(148)=3.45421007850844;
x(149)=-60.8372110321014;
x(150)=1.77960909993241;
x(151)=1.74956698991566;
x(152)=-62.2133214023083;
x(153)=0.417290300413772;

