function x=hh_pres_a10()
% output of apressure computed on processor 
% the a-set info is output.
freq(10)=76784.1;
x=zeros(153,1);
x(1)=-45.2593929026226;
x(2)=-19.7076499565144;
x(3)=-19.4521999927972;
x(4)=-34.7746118112835;
x(5)=14.6979010050614;
x(6)=16.1240830674654;
x(7)=-51.2413647493855;
x(8)=-1.08357765914922e-13;
x(9)=-21.0341180643575;
x(10)=-52.0963267196826;
x(11)=1.10578211102611e-13;
x(12)=15.6009061049655;
x(13)=-45.259392902622;
x(14)=19.707649956514;
x(15)=-19.4521999927982;
x(16)=-34.7746118112825;
x(17)=-14.697901005061;
x(18)=16.1240830674658;
x(19)=-51.5800806137522;
x(20)=-21.1433131317271;
x(21)=5.53335156596559e-13;
x(22)=-51.9014785057084;
x(23)=15.1539524706968;
x(24)=-2.08499885567667e-13;
x(25)=-57.5955557124509;
x(26)=1.15907283897546e-13;
x(27)=-2.72324968027329e-13;
x(28)=-70.7564509413287;
x(29)=-1.27009513234119e-13;
x(30)=-1.8241350564446e-13;
x(31)=-51.5800806137517;
x(32)=21.1433131317273;
x(33)=-5.24913445419367e-13;
x(34)=-51.9014785057079;
x(35)=-15.1539524706969;
x(36)=1.74971147050552e-13;
x(37)=-45.2593929026219;
x(38)=-19.7076499565132;
x(39)=19.4521999927979;
x(40)=-34.7746118112819;
x(41)=14.6979010050611;
x(42)=-16.1240830674659;
x(43)=-51.241364749385;
x(44)=4.81392702033665e-13;
x(45)=21.0341180643569;
x(46)=-52.0963267196814;
x(47)=-5.55999689372967e-13;
x(48)=-15.6009061049659;
x(49)=-45.2593929026214;
x(50)=19.7076499565142;
x(51)=19.4521999927967;
x(52)=-34.7746118112818;
x(53)=-14.6979010050618;
x(54)=-16.1240830674654;
x(55)=-13.0221486436938;
x(56)=29.6451325484028;
x(57)=31.8861227725719;
x(58)=14.430706316954;
x(59)=30.8869060545511;
x(60)=32.8346719085212;
x(61)=38.1902298834345;
x(62)=21.2537618660968;
x(63)=19.9035664634913;
x(64)=49.1302862036675;
x(65)=9.73078021465532;
x(66)=-22.1002230799958;
x(67)=3.74811294552272e-13;
x(68)=33.8005928414262;
x(69)=16.4991016225802;
x(70)=2.37143637620859e-13;
x(71)=34.5356396493243;
x(72)=47.9370781099477;
x(73)=-1.28591584811573e-13;
x(74)=20.3986912887467;
x(75)=61.2144474140703;
x(76)=-6.24389429558808e-13;
x(77)=-13.0221486436924;
x(78)=-29.6451325484022;
x(79)=31.8861227725728;
x(80)=14.4307063169557;
x(81)=-30.8869060545508;
x(82)=32.8346719085217;
x(83)=38.1902298834364;
x(84)=-21.2537618660973;
x(85)=19.903566463491;
x(86)=49.1302862036695;
x(87)=-9.7307802146569;
x(88)=-20.7158418792018;
x(89)=33.4634407890987;
x(90)=-3.6060043617091e-13;
x(91)=20.2251740302821;
x(92)=35.1791739720599;
x(93)=-1.44328996221267e-13;
x(94)=54.7841466208243;
x(95)=24.1736279572223;
x(96)=1.21458396561693e-13;
x(97)=69.8413040986621;
x(98)=11.3604345209817;
x(99)=-30.9605818000499;
x(100)=-1.34114942658578e-13;
x(101)=1.48204059634861e-14;
x(102)=22.535865194091;
x(103)=-7.76045882005541e-14;
x(104)=-9.83771967747459e-14;
x(105)=65.4540783997729;
x(106)=2.51354493832242e-13;
x(107)=-1.82504822282556e-13;
x(108)=82.9130457531541;
x(109)=8.26005927533414e-14;
x(110)=-20.7158418792015;
x(111)=-33.4634407890992;
x(112)=2.9887203731638e-13;
x(113)=20.2251740302822;
x(114)=-35.1791739720601;
x(115)=1.17239553842307e-13;
x(116)=54.7841466208245;
x(117)=-24.1736279572219;
x(118)=-5.56221736897098e-14;
x(119)=69.8413040986624;
x(120)=-11.3604345209813;
x(121)=-13.0221486436914;
x(122)=29.6451325484022;
x(123)=-31.8861227725729;
x(124)=14.4307063169571;
x(125)=30.8869060545512;
x(126)=-32.8346719085218;
x(127)=38.1902298834381;
x(128)=21.2537618660977;
x(129)=-19.9035664634912;
x(130)=49.1302862036714;
x(131)=9.73078021465751;
x(132)=-22.1002230799943;
x(133)=-6.9455552498122e-13;
x(134)=-33.8005928414263;
x(135)=16.4991016225822;
x(136)=-2.43360888231666e-13;
x(137)=-34.5356396493245;
x(138)=47.9370781099498;
x(139)=4.23661106619215e-13;
x(140)=-20.3986912887469;
x(141)=61.2144474140725;
x(142)=1.05160325273125e-12;
x(143)=-13.0221486436918;
x(144)=-29.6451325484033;
x(145)=-31.886122772572;
x(146)=14.4307063169562;
x(147)=-30.8869060545518;
x(148)=-32.8346719085212;
x(149)=38.1902298834367;
x(150)=-21.2537618660965;
x(151)=-19.9035664634913;
x(152)=49.1302862036696;
x(153)=-9.73078021465503;

