function x=hh_pres2()
% output of apressure computed on processor 
% exactly 3 dofs/global node are output.
freq(2)=22731.5;
x=zeros(189,1);
x(4)=11.6393516412711;
x(5)=0.642543862000802;
x(6)=38.502759291124;
x(7)=-1.01180754968122;
x(8)=-6.85329380924956;
x(9)=62.0922021779287;
x(13)=12.7328157322471;
x(14)=1.49237393276547e-13;
x(15)=38.3657935558989;
x(16)=0.425491133478216;
x(17)=1.9594135342027e-13;
x(18)=58.952678263008;
x(22)=11.6393516412711;
x(23)=-0.642543862000495;
x(24)=38.5027592911242;
x(25)=-1.0118075496812;
x(26)=6.85329380925;
x(27)=62.0922021779291;
x(31)=-7.81319453579954e-15;
x(32)=1.89371088255008e-14;
x(33)=36.872570365684;
x(34)=-2.14446516100253e-14;
x(35)=4.00270094846888e-14;
x(36)=66.5485594042725;
x(40)=-4.57099635919889e-15;
x(41)=1.41515759614214e-14;
x(42)=36.5785961905123;
x(43)=-1.0692835505921e-14;
x(44)=7.09817404506707e-14;
x(45)=63.5423415989792;
x(49)=-1.54633250648573e-14;
x(50)=2.22764515167562e-14;
x(51)=36.8725703656842;
x(52)=6.80705491973299e-15;
x(53)=3.47144188395099e-14;
x(54)=66.5485594042729;
x(58)=-11.6393516412712;
x(59)=-0.642543862000759;
x(60)=38.502759291124;
x(61)=1.01180754968118;
x(62)=6.85329380924968;
x(63)=62.0922021779287;
x(67)=-12.7328157322471;
x(68)=-7.85786366530594e-14;
x(69)=38.3657935558989;
x(70)=-0.425491133478259;
x(71)=-1.46921537436118e-13;
x(72)=58.952678263008;
x(76)=-11.6393516412711;
x(77)=0.642543862000604;
x(78)=38.5027592911242;
x(79)=1.01180754968121;
x(80)=-6.85329380924991;
x(81)=62.0922021779291;
x(82)=-13.2514984991868;
x(83)=-8.23457624244286;
x(84)=61.377374778731;
x(85)=-25.0501347045388;
x(86)=-6.99289071726542;
x(87)=48.9088572257366;
x(88)=-33.7158454708056;
x(89)=-4.22842157885414;
x(90)=27.2882999073613;
x(91)=-37.2028291902593;
x(92)=-2.22778081904146;
x(94)=-13.0660080810279;
x(95)=1.71759308165154e-13;
x(96)=57.543593182743;
x(97)=-25.885754296925;
x(98)=1.62500221612127e-13;
x(99)=45.5742135343973;
x(100)=-34.789489351377;
x(101)=1.39391102826902e-13;
x(102)=25.2073303503555;
x(103)=-38.1562561249649;
x(104)=1.08759355688104e-13;
x(106)=-13.2514984991868;
x(107)=8.23457624244318;
x(108)=61.3773747787314;
x(109)=-25.0501347045389;
x(110)=6.99289071726573;
x(111)=48.9088572257369;
x(112)=-33.7158454708057;
x(113)=4.22842157885436;
x(114)=27.2882999073616;
x(115)=-37.2028291902594;
x(116)=2.2277808190416;
x(118)=-2.99482660892636e-14;
x(119)=1.00882843745431e-14;
x(120)=65.6314448188752;
x(121)=-5.82589532172051e-14;
x(122)=-2.02919278602387e-14;
x(123)=52.602880029086;
x(124)=-6.07985883860351e-14;
x(125)=-1.52085375543232e-14;
x(126)=29.2443202016299;
x(127)=-4.46795378472586e-14;
x(128)=-5.94962989465542e-14;
x(130)=-1.37875821870637e-14;
x(131)=3.03700207343605e-14;
x(132)=62.1758296884204;
x(133)=-1.5182299861749e-14;
x(134)=-2.40382224488047e-14;
x(135)=49.4779835757594;
x(136)=-2.79776202205539e-14;
x(137)=-2.9144323402102e-14;
x(138)=27.1831852907583;
x(139)=-1.48214773787458e-14;
x(140)=-7.21470002880767e-14;
x(142)=2.35089725464377e-14;
x(143)=3.82072845583892e-15;
x(144)=65.6314448188756;
x(145)=2.41334729977893e-14;
x(146)=-1.929966603198e-14;
x(147)=52.6028800290863;
x(148)=2.65343302885412e-14;
x(149)=-8.19056194395484e-14;
x(150)=29.2443202016302;
x(151)=2.38559172416331e-14;
x(152)=-4.82122479959768e-14;
x(154)=13.2514984991867;
x(155)=8.23457624244283;
x(156)=61.377374778731;
x(157)=25.0501347045388;
x(158)=6.99289071726537;
x(159)=48.9088572257366;
x(160)=33.7158454708055;
x(161)=4.22842157885403;
x(162)=27.2882999073614;
x(163)=37.2028291902592;
x(164)=2.22778081904132;
x(166)=13.0660080810279;
x(167)=-1.26112661980038e-13;
x(168)=57.543593182743;
x(169)=25.8857542969249;
x(170)=-1.74918239614907e-13;
x(171)=45.5742135343974;
x(172)=34.789489351377;
x(173)=-1.84223296340047e-13;
x(174)=25.2073303503555;
x(175)=38.1562561249648;
x(176)=-2.84060101829464e-13;
x(178)=13.2514984991868;
x(179)=-8.23457624244317;
x(180)=61.3773747787314;
x(181)=25.0501347045389;
x(182)=-6.99289071726581;
x(183)=48.9088572257369;
x(184)=33.7158454708058;
x(185)=-4.22842157885441;
x(186)=27.2882999073616;
x(187)=37.2028291902594;
x(188)=-2.22778081904174;

