function x=hh_pres1()
% output of apressure computed on processor 
% exactly 3 dofs/global node are output.
freq(1)=7207.8;
x=zeros(189,1);
x(4)=11.8845607329636;
x(5)=11.1971590366443;
x(6)=3.81573388239032;
x(7)=20.1345993533092;
x(8)=30.829461454767;
x(9)=2.14783731818416;
x(13)=-1.5626006393545e-14;
x(14)=8.46152584663364;
x(15)=-2.10741398672606e-14;
x(16)=-1.06757546918921e-14;
x(17)=30.1934698271253;
x(18)=-2.11720990671677e-14;
x(22)=-11.8845607329636;
x(23)=11.1971590366443;
x(24)=-3.81573388239034;
x(25)=-20.1345993533092;
x(26)=30.829461454767;
x(27)=-2.14783731818425;
x(31)=11.5550101101566;
x(32)=12.8309901506384;
x(33)=-6.09212313412987e-15;
x(34)=20.6625449352801;
x(35)=31.9428910630484;
x(36)=-2.83638885313251e-14;
x(40)=3.75088540654842e-15;
x(41)=10.0520831360431;
x(42)=-2.85452724026457e-14;
x(43)=9.0909454158364e-16;
x(44)=31.2164996378935;
x(45)=-4.23792153879363e-14;
x(49)=-11.5550101101566;
x(50)=12.8309901506384;
x(51)=-2.52691574406455e-14;
x(52)=-20.6625449352801;
x(53)=31.9428910630484;
x(54)=-5.01424617327393e-14;
x(58)=11.8845607329636;
x(59)=11.1971590366443;
x(60)=-3.81573388239033;
x(61)=20.1345993533092;
x(62)=30.8294614547671;
x(63)=-2.14783731818422;
x(67)=9.30653041053363e-16;
x(68)=8.46152584663366;
x(69)=-2.79939731732462e-14;
x(70)=-6.59610430239538e-15;
x(71)=30.1934698271254;
x(72)=-3.53230982837047e-14;
x(76)=-11.8845607329636;
x(77)=11.1971590366443;
x(78)=3.81573388239028;
x(79)=-20.1345993533092;
x(80)=30.8294614547671;
x(81)=2.14783731818415;
x(82)=22.4923828441331;
x(83)=43.6196713771796;
x(84)=1.26788543406529;
x(85)=23.9067285517899;
x(86)=56.7154896743063;
x(87)=0.675123069743278;
x(88)=24.5374377153662;
x(89)=69.848316194863;
x(90)=0.282523944621864;
x(91)=24.6990483083639;
x(92)=82.5432277253178;
x(94)=-8.99028718083444e-15;
x(95)=42.9643982766161;
x(96)=-2.86657928902812e-14;
x(97)=-1.60735410240902e-15;
x(98)=56.4310931845305;
x(99)=-2.12167432428786e-14;
x(100)=3.38257527961473e-15;
x(101)=69.7535960377161;
x(102)=-8.04654985242435e-15;
x(103)=1.11848369136812e-14;
x(104)=82.5188993614603;
x(106)=-22.4923828441331;
x(107)=43.6196713771795;
x(108)=-1.26788543406538;
x(109)=-23.9067285517899;
x(110)=56.7154896743063;
x(111)=-0.675123069743318;
x(112)=-24.5374377153663;
x(113)=69.848316194863;
x(114)=-0.28252394462187;
x(115)=-24.6990483083639;
x(116)=82.5432277253178;
x(118)=22.935708355037;
x(119)=44.2924917684426;
x(120)=-2.84805254543136e-14;
x(121)=24.2300985854577;
x(122)=57.0875815687404;
x(123)=6.3899939110693e-15;
x(124)=24.7893333738843;
x(125)=70.0260429842933;
x(126)=1.27673737563804e-14;
x(127)=24.9304651005063;
x(128)=82.6822458847122;
x(130)=-3.32540671664996e-15;
x(131)=43.6710355196712;
x(132)=-1.44293515272271e-14;
x(133)=-3.86802873453531e-15;
x(134)=56.8348048455928;
x(135)=-4.08808494776673e-16;
x(136)=-1.62393349710173e-14;
x(137)=69.9465079392279;
x(138)=-3.51471150529494e-15;
x(139)=-1.82476493699645e-14;
x(140)=82.6646781920806;
x(142)=-22.9357083550371;
x(143)=44.2924917684426;
x(144)=-5.65648721811013e-14;
x(145)=-24.2300985854578;
x(146)=57.0875815687405;
x(147)=-3.53634368173596e-14;
x(148)=-24.7893333738843;
x(149)=70.0260429842932;
x(150)=-1.97885943570281e-14;
x(151)=-24.9304651005064;
x(152)=82.6822458847122;
x(154)=22.4923828441331;
x(155)=43.6196713771795;
x(156)=-1.26788543406533;
x(157)=23.9067285517898;
x(158)=56.7154896743063;
x(159)=-0.67512306974328;
x(160)=24.5374377153662;
x(161)=69.8483161948631;
x(162)=-0.282523944621844;
x(163)=24.6990483083639;
x(164)=82.5432277253179;
x(166)=-2.15327167622271e-14;
x(167)=42.9643982766161;
x(168)=-1.35701751779013e-14;
x(169)=-1.04624949108384e-14;
x(170)=56.4310931845305;
x(171)=-3.46740221612099e-16;
x(172)=-1.3679670394041e-14;
x(173)=69.7535960377161;
x(174)=-4.29029696507716e-15;
x(175)=-3.58778482281713e-14;
x(176)=82.5188993614603;
x(178)=-22.4923828441331;
x(179)=43.6196713771796;
x(180)=1.26788543406529;
x(181)=-23.9067285517899;
x(182)=56.7154896743063;
x(183)=0.675123069743253;
x(184)=-24.5374377153663;
x(185)=69.8483161948631;
x(186)=0.28252394462184;
x(187)=-24.699048308364;
x(188)=82.5432277253179;

