function x=hh_res9()
% output of residual computed on processor 
% exactly 3 dofs/global node are output.
freq(9)=0;
x=zeros(189,1);
x(4)=3.72529029846191e-08;
x(5)=-2.16066837310791e-07;
x(6)=-1.41561031341553e-07;
x(7)=1.86264514923096e-07;
x(8)=-7.26431608200073e-08;
x(9)=-1.30385160446167e-07;
x(13)=1.49011611938477e-08;
x(14)=-1.99307799257072e-08;
x(15)=-4.4703483581543e-08;
x(16)=1.49011611938477e-07;
x(17)=5.57741392619338e-08;
x(18)=-1.41561031341553e-07;
x(22)=5.21540641784668e-08;
x(23)=1.99303030967712e-07;
x(24)=-2.98023223876953e-08;
x(25)=1.63912773132324e-07;
x(26)=6.70552253723145e-08;
x(27)=-5.21540641784668e-08;
x(31)=3.52647656045644e-08;
x(32)=-8.5861431859976e-08;
x(33)=2.23517417907715e-08;
x(34)=1.36926009953992e-07;
x(35)=-8.78945725280857e-08;
x(36)=5.96046447753906e-08;
x(40)=1.61304882717146e-07;
x(41)=1.82233805987572e-07;
x(42)=4.4703483581543e-07;
x(43)=2.23864831408629e-07;
x(44)=1.85428468507908e-07;
x(45)=1.04308128356934e-07;
x(49)=1.3492979921743e-08;
x(50)=1.20261055677934e-07;
x(51)=1.49011611938477e-07;
x(52)=2.55028701875856e-07;
x(53)=-3.83198561522156e-08;
x(54)=6.70552253723145e-08;
x(58)=1.34110450744629e-07;
x(59)=2.79396772384644e-08;
x(60)=-1.19209289550781e-07;
x(61)=1.41561031341553e-07;
x(62)=-3.16649675369263e-08;
x(63)=2.98023223876953e-08;
x(67)=3.42726707458496e-07;
x(68)=-9.20120948902301e-08;
x(69)=-2.98023223876953e-08;
x(70)=1.04308128356934e-07;
x(71)=1.26506855780169e-07;
x(72)=5.21540641784668e-08;
x(76)=6.70552253723145e-08;
x(77)=-1.19209289550781e-07;
x(78)=-4.4703483581543e-08;
x(79)=-8.94069671630859e-08;
x(80)=-1.11758708953857e-08;
x(81)=-5.21540641784668e-08;
x(82)=1.9371509552002e-07;
x(83)=-5.30853867530823e-08;
x(84)=-5.12227416038513e-08;
x(85)=-1.41561031341553e-07;
x(86)=3.25962901115417e-08;
x(87)=-2.84053385257721e-08;
x(88)=3.72529029846191e-08;
x(89)=3.02679836750031e-08;
x(90)=-2.51457095146179e-08;
x(91)=3.72529029846191e-08;
x(92)=-9.08039510250092e-09;
x(94)=-7.45058059692383e-08;
x(95)=-8.87028385343773e-09;
x(96)=-6.14672899246216e-08;
x(97)=1.9371509552002e-07;
x(98)=-1.13455350480763e-07;
x(99)=-1.23400241136551e-08;
x(100)=-6.70552253723145e-07;
x(101)=6.3618958886156e-08;
x(102)=2.70083546638489e-08;
x(103)=1.11758708953857e-07;
x(104)=-5.95033546906549e-08;
x(106)=-1.49011611938477e-07;
x(107)=6.05359673500061e-08;
x(108)=-7.72997736930847e-08;
x(109)=4.4703483581543e-08;
x(110)=-6.23986124992371e-08;
x(111)=-2.28174030780792e-08;
x(112)=-2.90572643280029e-07;
x(113)=1.44354999065399e-08;
x(114)=-2.04890966415405e-08;
x(115)=1.45286321640015e-07;
x(116)=3.56230884790421e-08;
x(118)=1.70072541643733e-07;
x(119)=-6.52027016743514e-08;
x(120)=-2.3283064365387e-08;
x(121)=2.16142692906982e-08;
x(122)=1.51313379801578e-08;
x(123)=-1.58324837684631e-08;
x(124)=-6.38966670231035e-08;
x(125)=-1.41593883151501e-08;
x(126)=5.21540641784668e-08;
x(127)=4.3810546597461e-08;
x(128)=-1.32533582699388e-08;
x(130)=2.36033855729726e-07;
x(131)=9.65443917017173e-08;
x(132)=-7.82310962677002e-08;
x(133)=-2.28032322379803e-07;
x(134)=-7.49715010905873e-08;
x(135)=1.30385160446167e-08;
x(136)=-1.42625284062858e-07;
x(137)=-4.26687672284485e-08;
x(138)=4.4703483581543e-08;
x(139)=1.0686686992254e-07;
x(140)=-1.0377138513832e-07;
x(142)=-6.30936884680351e-08;
x(143)=5.5688033082602e-08;
x(144)=-1.58324837684631e-08;
x(145)=-8.18961884311892e-08;
x(146)=2.39173621368051e-08;
x(147)=-7.82310962677002e-08;
x(148)=-9.99986023477053e-08;
x(149)=7.39149010513932e-08;
x(150)=-1.67638063430786e-08;
x(151)=-8.7771781683229e-08;
x(152)=-2.97953100151482e-08;
x(154)=7.45058059692383e-09;
x(155)=-2.88709998130798e-08;
x(156)=3.25962901115417e-08;
x(157)=1.49011611938477e-08;
x(158)=-4.74974513053894e-08;
x(159)=8.33533704280853e-08;
x(161)=-6.10016286373138e-08;
x(162)=2.70083546638489e-08;
x(163)=5.58793544769287e-08;
x(164)=-2.98023223876953e-08;
x(166)=3.42726707458496e-07;
x(167)=5.45410810201317e-08;
x(168)=-2.42143869400024e-08;
x(169)=-3.57627868652344e-07;
x(170)=-8.50121571677421e-08;
x(171)=1.01514160633087e-07;
x(172)=1.34110450744629e-07;
x(173)=-1.44618897835054e-08;
x(174)=1.23865902423859e-07;
x(175)=-6.70552253723145e-08;
x(176)=5.90142236682187e-09;
x(178)=7.45058059692383e-09;
x(179)=2.1420419216156e-08;
x(180)=3.91155481338501e-08;
x(181)=-1.41561031341553e-07;
x(182)=5.12227416038513e-08;
x(183)=6.23986124992371e-08;
x(184)=1.26659870147705e-07;
x(185)=1.81607902050018e-08;
x(186)=1.67638063430786e-08;
x(187)=-2.12341547012329e-07;
x(188)=-5.70435076951981e-08;

