function x=hh_res7()
% output of residual computed on processor 
% exactly 3 dofs/global node are output.
freq(7)=0;
x=zeros(189,1);
x(4)=-5.02914190292358e-08;
x(5)=4.19095158576965e-09;
x(6)=5.96046447753906e-08;
x(7)=7.82310962677002e-08;
x(8)=-8.12578946352005e-08;
x(9)=-9.12696123123169e-08;
x(13)=-7.82310962677002e-08;
x(14)=2.079191945146e-07;
x(15)=1.49011611938477e-08;
x(16)=6.70552253723145e-08;
x(17)=2.1773584073116e-07;
x(18)=-1.11758708953857e-07;
x(22)=2.98023223876953e-08;
x(23)=7.91624188423157e-08;
x(24)=5.21540641784668e-08;
x(25)=-1.41561031341553e-07;
x(26)=7.77654349803925e-08;
x(27)=-1.11758708953857e-08;
x(31)=-1.14579077717085e-07;
x(32)=-1.22917082917202e-08;
x(33)=-2.98023223876953e-08;
x(34)=-3.67473704442288e-08;
x(35)=1.23890282813106e-08;
x(36)=8.5681676864624e-08;
x(40)=7.7948060186143e-08;
x(41)=1.67085828689194e-09;
x(42)=5.36441802978516e-07;
x(43)=-1.2256793248954e-07;
x(44)=4.37178714318813e-08;
x(45)=-1.11758708953857e-07;
x(49)=1.05640595166454e-07;
x(50)=-6.81492375261391e-08;
x(51)=7.45058059692383e-08;
x(52)=5.03619183855392e-08;
x(53)=-4.5443744932345e-08;
x(54)=5.21540641784668e-08;
x(58)=-8.7544322013855e-08;
x(59)=-1.29453837871552e-07;
x(60)=1.19209289550781e-07;
x(61)=-8.19563865661621e-08;
x(62)=-4.44706529378891e-08;
x(63)=-8.19563865661621e-08;
x(67)=-1.60187482833862e-07;
x(68)=-9.11316710596024e-08;
x(69)=-2.98023223876953e-08;
x(70)=7.45058059692383e-08;
x(71)=-2.54924764118353e-08;
x(72)=-5.96046447753906e-08;
x(76)=-2.60770320892334e-08;
x(77)=-7.17118382453918e-08;
x(78)=1.49011611938477e-07;
x(79)=4.84287738800049e-08;
x(80)=-4.40049916505814e-08;
x(81)=3.16649675369263e-08;
x(82)=8.5681676864624e-08;
x(83)=5.30853867530823e-08;
x(84)=6.33299350738525e-08;
x(85)=-1.71363353729248e-07;
x(86)=1.08033418655396e-07;
x(87)=3.35276126861572e-08;
x(88)=1.9557774066925e-08;
x(89)=-7.07805156707764e-08;
x(90)=1.11758708953857e-08;
x(91)=-1.02445483207703e-08;
x(92)=3.16649675369263e-08;
x(94)=1.7508864402771e-07;
x(95)=-1.73277467171546e-07;
x(96)=6.33299350738525e-08;
x(97)=-2.23517417907715e-08;
x(98)=-5.53634237463871e-08;
x(99)=-1.78813934326172e-07;
x(100)=1.28522515296936e-07;
x(101)=-1.64470454330141e-07;
x(102)=-1.04308128356934e-07;
x(103)=-4.93600964546204e-08;
x(104)=-6.98994541113974e-08;
x(106)=5.58793544769287e-08;
x(107)=-3.49245965480804e-08;
x(108)=-7.45058059692383e-09;
x(109)=5.96046447753906e-08;
x(110)=1.76951289176941e-08;
x(111)=-1.00582838058472e-07;
x(112)=6.05359673500061e-08;
x(113)=-6.14672899246216e-08;
x(114)=-2.60770320892334e-08;
x(115)=3.49245965480804e-08;
x(116)=-3.88827174901962e-08;
x(118)=-1.42920112605383e-08;
x(119)=-7.72018543580196e-08;
x(120)=-7.45058059692383e-08;
x(121)=-5.13812564978362e-09;
x(122)=2.38458592050998e-07;
x(123)=-7.45058059692383e-08;
x(124)=-1.56911498645692e-07;
x(125)=-1.73247584037197e-07;
x(126)=2.98023223876953e-08;
x(127)=-4.93466727619546e-08;
x(128)=6.77671582458667e-08;
x(130)=5.93649542078056e-08;
x(131)=-3.41785497588766e-07;
x(132)=1.41561031341553e-07;
x(133)=3.44042653837843e-10;
x(134)=-2.8823050833793e-08;
x(135)=-2.98023223876953e-08;
x(136)=-1.35249760908032e-07;
x(137)=-2.2067902979432e-07;
x(138)=-1.78813934326172e-07;
x(139)=-8.79340209691304e-08;
x(140)=2.35061476037703e-07;
x(142)=-1.03679258162245e-07;
x(143)=-3.93443127499774e-08;
x(144)=1.7508864402771e-07;
x(145)=-3.80171478798728e-08;
x(146)=2.92421963092489e-08;
x(147)=4.4703483581543e-08;
x(148)=1.69240365802173e-07;
x(149)=4.76080946735152e-08;
x(150)=-1.11758708953857e-07;
x(151)=-1.04001807205026e-07;
x(152)=3.42160562856916e-08;
x(154)=2.60770320892334e-08;
x(155)=3.30619513988495e-08;
x(156)=-3.35276126861572e-08;
x(157)=6.79865479469299e-08;
x(158)=8.61473381519318e-08;
x(159)=6.33299350738525e-08;
x(160)=2.37487256526947e-08;
x(161)=-4.65661287307739e-08;
x(162)=7.45058059692383e-09;
x(163)=9.59262251853943e-08;
x(164)=3.00351530313492e-08;
x(166)=-2.68220901489258e-07;
x(167)=9.61447843342486e-08;
x(168)=1.11758708953857e-08;
x(169)=1.82539224624634e-07;
x(170)=5.41026063179647e-08;
x(171)=-3.72529029846191e-08;
x(172)=-3.25962901115417e-08;
x(173)=2.16582965920562e-08;
x(174)=-8.19563865661621e-08;
x(175)=9.22009348869324e-08;
x(176)=2.56853356985792e-07;
x(178)=1.04308128356934e-07;
x(179)=-6.28642737865448e-08;
x(180)=-9.68575477600098e-08;
x(181)=1.76951289176941e-08;
x(182)=1.38301402330399e-07;
x(183)=-1.52736902236938e-07;
x(184)=-1.76951289176941e-08;
x(185)=-8.28877091407776e-08;
x(186)=-7.82310962677002e-08;
x(187)=4.65661287307739e-09;
x(188)=9.66247171163559e-08;

