function x=hh_res2()
% output of residual computed on processor 
% exactly 3 dofs/global node are output.
freq(2)=0;
x=zeros(189,1);
x(4)=2.53785401582718e-08;
x(5)=3.8555299397558e-08;
x(6)=7.63684511184692e-08;
x(7)=-2.52912286669016e-08;
x(8)=6.71134330332279e-08;
x(9)=6.98491930961609e-08;
x(13)=4.05125319957733e-08;
x(14)=-1.25973912044343e-08;
x(15)=1.00582838058472e-07;
x(16)=-3.36440280079842e-08;
x(17)=1.06383273484012e-08;
x(18)=1.58324837684631e-07;
x(22)=2.89874151349068e-08;
x(23)=3.31347109749913e-08;
x(24)=3.07336449623108e-08;
x(25)=1.2732925824821e-08;
x(26)=-2.5029294192791e-09;
x(27)=7.17118382453918e-08;
x(31)=-3.64705270709394e-08;
x(32)=2.27436229682607e-08;
x(33)=-1.3597309589386e-07;
x(34)=7.82470846925261e-09;
x(35)=3.89976894343501e-08;
x(36)=-1.9371509552002e-07;
x(40)=1.38959130506201e-08;
x(41)=-8.06053558114725e-08;
x(42)=-2.68220901489258e-07;
x(43)=-1.71001426437307e-10;
x(44)=2.43516449068615e-07;
x(45)=-2.23517417907715e-07;
x(49)=2.80835439336299e-08;
x(50)=-3.84244916910654e-08;
x(51)=-1.86264514923096e-09;
x(52)=2.2896027027357e-08;
x(53)=-1.45669049703867e-09;
x(54)=-7.07805156707764e-08;
x(58)=-5.23868948221207e-08;
x(59)=-2.39015207625926e-08;
x(60)=6.6123902797699e-08;
x(61)=3.80096025764942e-08;
x(62)=9.31322574615479e-09;
x(63)=5.12227416038513e-08;
x(67)=-2.51457095146179e-08;
x(68)=-1.12534768093883e-08;
x(69)=-8.00937414169312e-08;
x(70)=7.65430741012096e-09;
x(71)=2.33048369589809e-08;
x(72)=-1.86264514923096e-09;
x(76)=2.08383426070213e-08;
x(77)=-1.68802216649055e-09;
x(78)=-4.65661287307739e-09;
x(79)=2.99769453704357e-08;
x(80)=9.54605638980865e-09;
x(81)=-1.86264514923096e-09;
x(82)=1.02445483207703e-08;
x(83)=-7.33416527509689e-08;
x(84)=-5.58793544769287e-08;
x(85)=-8.84756445884705e-09;
x(86)=-3.06463334709406e-08;
x(87)=-2.23517417907715e-08;
x(88)=2.60770320892334e-08;
x(89)=-1.72585714608431e-08;
x(90)=-2.88709998130798e-08;
x(91)=2.29338183999062e-08;
x(92)=-3.14830685965717e-08;
x(94)=-1.76951289176941e-08;
x(95)=-4.02334591027708e-08;
x(96)=9.12696123123169e-08;
x(97)=-1.53202563524246e-07;
x(98)=7.21737721706144e-08;
x(99)=-2.79396772384644e-09;
x(100)=1.47614628076553e-07;
x(101)=1.52223389114015e-07;
x(102)=4.00468707084656e-08;
x(103)=-7.12461769580841e-08;
x(104)=1.11198288373813e-08;
x(106)=-4.78466972708702e-08;
x(107)=-4.49363142251968e-08;
x(108)=2.3283064365387e-08;
x(109)=-2.53785401582718e-08;
x(110)=-1.16124283522367e-08;
x(111)=2.60770320892334e-08;
x(112)=6.30971044301987e-08;
x(113)=1.16415321826935e-09;
x(114)=1.49011611938477e-08;
x(115)=-3.44589352607727e-08;
x(116)=-4.77593857795e-08;
x(118)=7.35140569638229e-08;
x(119)=-4.09185018608478e-08;
x(120)=2.98023223876953e-08;
x(121)=-5.14352024403278e-08;
x(122)=-1.28056834769959e-07;
x(123)=2.98023223876953e-08;
x(124)=4.88903192372105e-09;
x(125)=7.09427635652802e-08;
x(126)=-1.02445483207703e-08;
x(127)=3.88153439174489e-08;
x(128)=-2.64507673322032e-08;
x(130)=-6.41121521321279e-09;
x(131)=1.10544816775191e-07;
x(132)=-3.72529029846191e-08;
x(133)=-1.25719361352307e-08;
x(134)=-2.05216558812364e-08;
x(135)=6.51925802230835e-08;
x(136)=1.66882733045787e-08;
x(137)=1.5719655817778e-07;
x(138)=1.30385160446167e-08;
x(139)=-4.07183332971789e-08;
x(140)=-3.64829275783776e-08;
x(142)=-5.27501861042509e-08;
x(143)=-2.4700802785629e-08;
x(144)=-1.86264514923096e-09;
x(145)=1.748604432994e-08;
x(146)=-7.53744552644566e-08;
x(147)=-9.31322574615479e-10;
x(148)=-6.31630393680567e-09;
x(149)=-8.57660840106388e-08;
x(150)=-4.56348061561584e-08;
x(151)=-1.90029191756094e-08;
x(152)=1.06802384748472e-08;
x(154)=4.07453626394272e-09;
x(155)=-4.16766852140427e-08;
x(156)=-1.86264514923096e-09;
x(157)=1.37370079755783e-08;
x(158)=-8.33824742585421e-08;
x(159)=2.65426933765411e-08;
x(160)=4.2840838432312e-08;
x(161)=1.53377186506987e-08;
x(162)=1.53668224811554e-08;
x(163)=-3.02679836750031e-08;
x(164)=1.50612322613597e-09;
x(166)=6.86850398778915e-08;
x(167)=9.590219379155e-08;
x(168)=5.40167093276978e-08;
x(169)=7.91624188423157e-09;
x(170)=-2.81947517384045e-08;
x(171)=1.76951289176941e-07;
x(172)=5.58793544769287e-08;
x(173)=3.9088152917933e-08;
x(174)=1.86264514923096e-09;
x(175)=-5.14555722475052e-08;
x(176)=-1.02845982284847e-07;
x(178)=-8.40518623590469e-08;
x(179)=7.39237293601036e-09;
x(180)=-7.45058059692383e-09;
x(181)=6.68223947286606e-08;
x(182)=-1.05559593066573e-07;
x(183)=-4.65661287307739e-10;
x(184)=2.56113708019257e-09;
x(185)=5.47734089195728e-08;
x(186)=3.49245965480804e-08;
x(187)=-2.6775524020195e-08;
x(188)=1.46246748045087e-08;

