function x=hh_res4()
% output of residual computed on processor 
% exactly 3 dofs/global node are output.
freq(4)=0;
x=zeros(189,1);
x(4)=2.29483703151345e-08;
x(5)=-2.23517417907715e-08;
x(6)=2.79396772384644e-09;
x(7)=-4.48781065642834e-08;
x(8)=-7.26431608200073e-08;
x(9)=-6.4261257648468e-08;
x(13)=2.64475971780538e-08;
x(14)=-3.16649675369263e-08;
x(15)=8.47288502090246e-08;
x(16)=-2.04621466914236e-08;
x(17)=-1.54599547386169e-07;
x(18)=-2.913171075287e-08;
x(22)=4.94765117764473e-09;
x(23)=5.40167093276978e-08;
x(24)=1.05239450931549e-07;
x(25)=3.05881258100271e-08;
x(26)=1.09896063804626e-07;
x(27)=-4.84287738800049e-08;
x(31)=-1.03570382515554e-08;
x(32)=-7.05063415077401e-08;
x(33)=-1.11758708953857e-07;
x(34)=1.11809676309596e-07;
x(35)=2.1622169058624e-08;
x(36)=2.60770320892334e-08;
x(40)=1.02643956537812e-07;
x(41)=-7.54327567418441e-08;
x(42)=-1.10555576516555e-07;
x(43)=4.00333681867331e-08;
x(44)=1.62098040340667e-07;
x(45)=6.81165245667901e-09;
x(49)=4.31444850046278e-08;
x(50)=3.00020055638824e-09;
x(51)=6.70552253723145e-08;
x(52)=2.53683043633047e-08;
x(53)=1.43318374173508e-07;
x(54)=-7.26431608200073e-08;
x(58)=9.50967660173774e-09;
x(59)=-9.59262251853943e-08;
x(60)=2.23517417907715e-08;
x(61)=6.38538040220737e-08;
x(62)=9.59262251853943e-08;
x(63)=-2.98023223876953e-08;
x(67)=6.44545928823162e-08;
x(68)=-1.86264514923096e-08;
x(69)=-2.5090327991389e-08;
x(70)=6.75490694720301e-08;
x(71)=8.19563865661621e-08;
x(72)=-5.08929932945468e-08;
x(76)=2.14931787922978e-08;
x(77)=-2.98023223876953e-08;
x(78)=2.79396772384644e-08;
x(79)=7.65430741012096e-09;
x(80)=2.98023223876953e-08;
x(81)=-9.96515154838562e-08;
x(82)=4.53437678515911e-08;
x(83)=-2.3283064365387e-08;
x(84)=-4.4703483581543e-08;
x(85)=2.16532498598099e-08;
x(86)=2.3283064365387e-08;
x(87)=2.1420419216156e-08;
x(88)=1.86264514923096e-09;
x(89)=3.53902578353882e-08;
x(90)=-5.26197254657745e-08;
x(91)=3.2130628824234e-08;
x(92)=-4.00468707084656e-08;
x(94)=5.67966312027255e-08;
x(95)=-7.45058059692383e-08;
x(96)=-3.612136484022e-08;
x(97)=4.44195621987745e-08;
x(98)=-4.65661287307739e-08;
x(99)=1.98611060529796e-08;
x(100)=-4.28615615106288e-08;
x(101)=9.31322574615479e-08;
x(102)=4.2681213362059e-08;
x(103)=-3.13248331020823e-08;
x(104)=3.44589352607727e-08;
x(106)=4.24333848059177e-08;
x(107)=-5.58793544769287e-09;
x(108)=6.51925802230835e-09;
x(109)=5.47152012586594e-09;
x(110)=1.30385160446167e-08;
x(111)=-3.53902578353882e-08;
x(112)=-1.02445483207703e-08;
x(113)=1.30385160446167e-08;
x(114)=1.2572854757309e-08;
x(115)=-5.69270923733711e-08;
x(116)=-1.0710209608078e-08;
x(118)=2.35626494539796e-08;
x(119)=4.65798525289535e-08;
x(120)=-1.67638063430786e-08;
x(121)=-1.24837792789194e-07;
x(122)=-4.6697203733352e-08;
x(123)=-4.84287738800049e-08;
x(124)=1.58260845812531e-08;
x(125)=5.89418733286041e-09;
x(126)=-3.35276126861572e-08;
x(127)=4.61004653182248e-08;
x(128)=-5.26747440132793e-08;
x(130)=3.84291996868246e-08;
x(131)=2.03375193807793e-08;
x(132)=-2.14878352649012e-08;
x(133)=-1.19269018626536e-07;
x(134)=-2.43306026689828e-09;
x(135)=-3.60799214533942e-08;
x(136)=-2.77966822105098e-08;
x(137)=9.95538678434273e-08;
x(138)=9.71074986126482e-08;
x(139)=-9.71858522130774e-08;
x(140)=1.04939341551556e-10;
x(142)=-3.90363072107599e-08;
x(143)=6.5752977298367e-08;
x(144)=4.2840838432312e-08;
x(145)=3.85707185623988e-08;
x(146)=-8.88582174976152e-09;
x(147)=-4.09781932830811e-08;
x(148)=-6.94505848818742e-08;
x(149)=-9.83740422957401e-08;
x(150)=2.60770320892334e-08;
x(151)=-9.93848033746274e-08;
x(152)=4.34034294552601e-09;
x(154)=-4.30154614150524e-08;
x(155)=8.38190317153931e-09;
x(156)=-6.51925802230835e-08;
x(157)=-2.23517417907715e-08;
x(158)=-3.35276126861572e-08;
x(159)=3.07336449623108e-08;
x(160)=9.77888703346252e-09;
x(161)=-8.10250639915466e-08;
x(162)=6.75208866596222e-08;
x(163)=1.28056854009628e-08;
x(164)=-1.35041773319244e-08;
x(166)=-5.38042010822593e-08;
x(167)=-4.09781932830811e-08;
x(168)=4.38100512987879e-08;
x(169)=-2.58088680771079e-08;
x(170)=3.35276126861572e-08;
x(171)=7.65174734675066e-08;
x(172)=-8.82881085910362e-09;
x(173)=-5.40167093276978e-08;
x(174)=6.36972147226232e-08;
x(175)=1.26734142501911e-08;
x(176)=-8.33533704280853e-08;
x(178)=-3.75439412891865e-08;
x(179)=3.91155481338501e-08;
x(180)=9.59262251853943e-08;
x(181)=1.29221007227898e-08;
x(182)=-6.05359673500061e-08;
x(183)=9.31322574615479e-09;
x(184)=-9.15024429559708e-08;
x(185)=-2.51457095146179e-08;
x(186)=6.10016286373138e-08;
x(187)=1.76951289176941e-08;

