function x=hh_res_a3()
% output of residual computed on processor 
% the a-set info is output.
freq(3)=0;
x=zeros(153,1);
x(1)=3.72529029846191e-09;
x(2)=-1.74622982740402e-08;
x(3)=-1.61817297339439e-08;
x(4)=-8.47503542900085e-08;
x(5)=-3.9231963455677e-08;
x(6)=1.36205926537514e-08;
x(7)=1.11758708953857e-08;
x(8)=-1.19489439860091e-08;
x(9)=2.56113708019257e-08;
x(10)=-1.22934579849243e-07;
x(11)=-3.04941367824251e-08;
x(12)=1.83936208486557e-08;
x(13)=-2.3283064365387e-08;
x(14)=-2.3283064365387e-10;
x(15)=-2.16532498598099e-08;
x(16)=-7.45058059692383e-08;
x(17)=-3.84170562028885e-09;
x(18)=-3.64379957318306e-08;
x(19)=2.23517417907715e-08;
x(20)=-8.84756445884705e-09;
x(21)=-2.62089726825465e-08;
x(22)=4.09781932830811e-08;
x(23)=-5.09899109601974e-08;
x(24)=-3.26188785575949e-08;
x(25)=-1.71363353729248e-07;
x(26)=3.55462779510871e-08;
x(27)=6.18452819655079e-08;
x(28)=-7.45058059692383e-09;
x(29)=-8.38037184826198e-08;
x(30)=7.86505165844513e-08;
x(31)=-8.00937414169312e-08;
x(32)=4.54019755125046e-08;
x(33)=2.78653469793593e-08;
x(34)=-1.08033418655396e-07;
x(35)=-2.3283064365387e-10;
x(36)=1.61266485522709e-08;
x(37)=1.76951289176941e-08;
x(38)=-1.82772055268288e-08;
x(39)=4.78466972708702e-08;
x(40)=-1.0710209608078e-07;
x(41)=-1.88592821359634e-08;
x(42)=3.60887497663498e-08;
x(43)=9.31322574615479e-09;
x(44)=-2.0536600118576e-08;
x(45)=4.4703483581543e-08;
x(46)=-2.04890966415405e-08;
x(47)=-1.83508430163385e-08;
x(48)=1.28988176584244e-07;
x(49)=-1.30385160446167e-08;
x(50)=-1.86264514923096e-09;
x(51)=-2.01398506760597e-08;
x(52)=5.96046447753906e-08;
x(53)=2.56113708019257e-08;
x(54)=2.99187377095222e-08;
x(55)=8.38190317153931e-09;
x(56)=4.83705662190914e-08;
x(57)=1.6065314412117e-08;
x(58)=-4.84287738800049e-08;
x(59)=3.25962901115417e-09;
x(60)=-3.57977114617825e-09;
x(61)=2.51457095146179e-08;
x(62)=-3.51574271917343e-08;
x(63)=-8.38190317153931e-09;
x(64)=-4.2840838432312e-08;
x(65)=2.85872374661267e-08;
x(66)=1.11758708953857e-08;
x(67)=5.35916780989151e-08;
x(68)=-2.61934474110603e-08;
x(69)=-1.41561031341553e-07;
x(70)=-4.44943979153765e-08;
x(71)=1.10594555735588e-09;
x(72)=-3.35276126861572e-08;
x(73)=-1.13844896867025e-07;
x(74)=3.40514816343784e-09;
x(76)=-4.0686478584273e-09;
x(77)=-2.04890966415405e-08;
x(78)=4.57512214779854e-08;
x(79)=-2.5902409106493e-08;
x(80)=-1.564621925354e-07;
x(81)=8.93487595021725e-09;
x(82)=-9.57516022026539e-09;
x(83)=-1.86264514923096e-09;
x(84)=5.29689714312553e-09;
x(85)=3.52156348526478e-09;
x(86)=7.07805156707764e-08;
x(87)=1.23072823043913e-08;
x(88)=1.21071934700012e-07;
x(89)=3.14321368932724e-08;
x(90)=2.31438629063847e-08;
x(91)=-2.42143869400024e-07;
x(92)=1.63563527166843e-08;
x(93)=1.14212667752228e-08;
x(94)=3.24100255966187e-07;
x(95)=-4.5023625716567e-08;
x(96)=-1.9550985628371e-08;
x(97)=-2.04890966415405e-07;
x(98)=7.38145899958909e-08;
x(99)=3.35276126861572e-08;
x(100)=-8.24369695888845e-08;
x(101)=-9.49497057848604e-08;
x(102)=-5.96046447753906e-07;
x(103)=3.21267248932013e-08;
x(104)=-5.51260162572755e-08;
x(105)=2.7194619178772e-07;
x(106)=-1.39000568858756e-07;
x(107)=1.24904063715697e-07;
x(108)=-1.63912773132324e-07;
x(109)=3.40383628944647e-08;
x(110)=-5.58793544769287e-09;
x(111)=1.97906047105789e-09;
x(112)=-7.99874127637731e-08;
x(113)=-2.03028321266174e-07;
x(114)=1.0692747309804e-07;
x(115)=-5.87800433157211e-08;
x(116)=1.69500708580017e-07;
x(117)=-1.04191713035107e-08;
x(118)=3.36887740779172e-08;
x(119)=-8.94069671630859e-08;
x(120)=-3.48445610143244e-08;
x(121)=3.35276126861572e-08;
x(122)=-2.91038304567337e-10;
x(123)=4.19095158576965e-09;
x(124)=-1.97440385818481e-07;
x(125)=2.70665623247623e-09;
x(126)=2.06928234547377e-08;
x(127)=1.77882611751556e-07;
x(128)=-3.05590219795704e-10;
x(129)=1.64727680385113e-08;
x(130)=-1.23865902423859e-07;
x(131)=2.03617673832923e-08;
x(132)=-1.13621354103088e-07;
x(133)=-5.64300568988003e-08;
x(134)=-3.20142135024071e-08;
x(135)=-2.86847352981567e-07;
x(136)=3.19625021996336e-08;
x(137)=-3.13739292323589e-08;
x(138)=1.89989805221558e-07;
x(139)=1.06547617766831e-10;
x(140)=4.84869815409184e-08;
x(141)=-1.50874257087708e-07;
x(142)=3.4721186266266e-08;
x(143)=8.10250639915466e-08;
x(144)=-1.36205926537514e-08;
x(145)=2.36905179917812e-08;
x(146)=-1.50874257087708e-07;
x(147)=8.33824742585421e-08;
x(148)=-3.49245965480804e-10;
x(149)=1.59256160259247e-07;
x(150)=-3.37313394993544e-08;
x(151)=-2.03726813197136e-08;
x(152)=-6.28642737865448e-08;
x(153)=-1.71821739058942e-08;

