function x=hh_res_a8()
% output of residual computed on processor 
% the a-set info is output.
freq(8)=0;
x=zeros(153,1);
x(1)=-9.31322574615479e-09;
x(2)=1.04308128356934e-07;
x(3)=3.98140400648117e-08;
x(4)=-6.79865479469299e-08;
x(5)=3.91155481338501e-08;
x(6)=-1.9557774066925e-08;
x(7)=2.73780946019299e-08;
x(8)=-1.63912773132324e-07;
x(9)=-1.9895001976947e-08;
x(10)=-2.38425207405004e-08;
x(11)=-7.45058059692383e-09;
x(12)=-7.18728484232625e-08;
x(13)=2.60770320892334e-08;
x(14)=1.34110450744629e-07;
x(15)=-8.94069671630859e-08;
x(16)=8.38190317153931e-09;
x(17)=9.87201929092407e-08;
x(18)=-1.00582838058472e-07;
x(19)=-3.91155481338501e-08;
x(20)=2.08616256713867e-07;
x(21)=-1.51269288742416e-08;
x(22)=-1.99303030967712e-07;
x(23)=5.21540641784668e-08;
x(24)=1.59978647838623e-08;
x(25)=-2.17851472067791e-08;
x(26)=-3.27825546264648e-07;
x(27)=1.36414745089071e-07;
x(28)=-2.50325902627695e-08;
x(29)=-1.49011611938477e-08;
x(30)=8.17278033608879e-08;
x(31)=5.58793544769287e-09;
x(32)=4.17232513427734e-07;
x(33)=5.07112698060975e-08;
x(34)=1.04308128356934e-07;
x(35)=1.86264514923096e-07;
x(36)=4.48778709283369e-09;
x(37)=3.16649675369263e-08;
x(38)=1.49011611938477e-07;
x(39)=-7.47386366128922e-08;
x(40)=-1.03376805782318e-07;
x(41)=7.45058059692383e-09;
x(42)=1.44354999065399e-08;
x(43)=1.04307353956109e-07;
x(44)=1.49011611938477e-08;
x(45)=-3.86874097715257e-09;
x(46)=-4.58477196191611e-08;
x(47)=3.72529029846191e-08;
x(48)=2.6509044380616e-08;
x(49)=4.19095158576965e-08;
x(50)=4.4703483581543e-08;
x(51)=-1.7811544239521e-08;
x(52)=1.67638063430786e-08;
x(53)=3.35276126861572e-08;
x(54)=-5.58793544769287e-09;
x(55)=-1.0710209608078e-08;
x(56)=1.86264514923096e-08;
x(57)=-2.3283064365387e-08;
x(58)=4.4703483581543e-08;
x(59)=-4.84287738800049e-08;
x(60)=-1.49011611938477e-08;
x(61)=-1.86264514923096e-08;
x(62)=2.23517417907715e-08;
x(63)=-1.76951289176941e-08;
x(64)=-4.09781932830811e-08;
x(65)=-5.58793544769287e-09;
x(66)=5.0654838418257e-09;
x(67)=-7.45058059692383e-08;
x(68)=-6.49153109599621e-08;
x(69)=1.85016625764012e-07;
x(71)=2.40985954040874e-08;
x(72)=-1.38602250602364e-07;
x(73)=1.30385160446167e-08;
x(74)=5.86965691341478e-08;
x(75)=-2.44231448441201e-09;
x(76)=7.45058059692383e-09;
x(77)=-2.65426933765411e-08;
x(78)=4.84287738800049e-08;
x(79)=-4.09781932830811e-08;
x(80)=1.15483999252319e-07;
x(81)=-1.49011611938477e-08;
x(82)=4.93600964546204e-08;
x(83)=-1.41561031341553e-07;
x(84)=-3.44589352607727e-08;
x(85)=3.35276126861572e-08;
x(86)=6.70552253723145e-08;
x(87)=3.35276126861572e-08;
x(88)=1.1734664440155e-07;
x(89)=-1.86264514923096e-08;
x(90)=1.42342524107736e-09;
x(91)=-2.98023223876953e-08;
x(92)=-3.72529029846191e-08;
x(93)=3.21529441573945e-08;
x(94)=2.16066837310791e-07;
x(95)=9.31322574615479e-09;
x(96)=-1.90300848663807e-08;
x(97)=-6.70552253723145e-08;
x(98)=-1.67638063430786e-08;
x(99)=1.52377528521569e-07;
x(100)=-1.34110450744629e-07;
x(101)=3.18805307553744e-08;
x(102)=2.48081604231635e-07;
x(103)=1.63912773132324e-07;
x(104)=5.1527199824279e-09;
x(105)=-2.78337799901439e-07;
x(106)=3.72529029846191e-09;
x(107)=-3.47105273669182e-08;
x(108)=2.49722459723769e-07;
x(109)=-7.45058059692383e-08;
x(110)=3.91155481338501e-08;
x(111)=2.60770320892334e-08;
x(112)=2.23966253734592e-08;
x(113)=7.45058059692383e-08;
x(114)=-1.49011611938477e-08;
x(115)=-2.86598639421268e-08;
x(116)=-4.32133674621582e-07;
x(117)=-4.00468707084656e-08;
x(118)=-1.51516464631194e-08;
x(119)=6.70552253723145e-08;
x(120)=5.40167093276978e-08;
x(121)=9.31322574615479e-08;
x(122)=-3.72529029846191e-09;
x(123)=1.11758708953857e-08;
x(124)=4.09781932830811e-08;
x(125)=1.49011611938477e-08;
x(126)=-1.11758708953857e-08;
x(127)=-1.86264514923096e-08;
x(128)=-4.65661287307739e-08;
x(129)=3.63215804100037e-08;
x(130)=8.94069671630859e-08;
x(131)=-3.72529029846191e-09;
x(132)=1.52891366520004e-07;
x(133)=-1.19209289550781e-07;
x(134)=-1.35063362413094e-09;
x(135)=-1.15637024262462e-07;
x(136)=9.68575477600098e-08;
x(137)=-6.10739073950961e-09;
x(138)=-1.04931961638341e-07;
x(139)=-6.70552253723145e-08;
x(140)=1.09040506716439e-07;
x(141)=7.16743153204085e-08;
x(142)=-1.86264514923096e-08;
x(143)=1.08964741230011e-07;
x(144)=3.72529029846191e-09;
x(145)=3.81842255592346e-08;
x(146)=-1.04308128356934e-07;
x(147)=-2.60770320892334e-08;
x(148)=9.31322574615479e-09;
x(149)=-9.68575477600098e-08;
x(150)=1.67638063430786e-08;
x(151)=5.40167093276978e-08;
x(152)=1.26659870147705e-07;
x(153)=8.38190317153931e-09;

