function x=hh_res3()
% output of residual computed on processor 
% exactly 3 dofs/global node are output.
freq(3)=0;
x=zeros(189,1);
x(4)=3.72529029846191e-09;
x(5)=-1.74622982740402e-08;
x(6)=-1.61817297339439e-08;
x(7)=-8.47503542900085e-08;
x(8)=-3.9231963455677e-08;
x(9)=1.36205926537514e-08;
x(13)=1.11758708953857e-08;
x(14)=-1.19489439860091e-08;
x(15)=2.56113708019257e-08;
x(16)=-1.22934579849243e-07;
x(17)=-3.04941367824251e-08;
x(18)=1.83936208486557e-08;
x(22)=-2.3283064365387e-08;
x(23)=-2.3283064365387e-10;
x(24)=-2.16532498598099e-08;
x(25)=-7.45058059692383e-08;
x(26)=-3.84170562028885e-09;
x(27)=-3.64379957318306e-08;
x(31)=2.23517417907715e-08;
x(32)=-8.84756445884705e-09;
x(33)=-2.62089726825465e-08;
x(34)=4.09781932830811e-08;
x(35)=-5.09899109601974e-08;
x(36)=-3.26188785575949e-08;
x(40)=-1.71363353729248e-07;
x(41)=3.55462779510871e-08;
x(42)=6.18452819655079e-08;
x(43)=-7.45058059692383e-09;
x(44)=-8.38037184826198e-08;
x(45)=7.86505165844513e-08;
x(49)=-8.00937414169312e-08;
x(50)=4.54019755125046e-08;
x(51)=2.78653469793593e-08;
x(52)=-1.08033418655396e-07;
x(53)=-2.3283064365387e-10;
x(54)=1.61266485522709e-08;
x(58)=1.76951289176941e-08;
x(59)=-1.82772055268288e-08;
x(60)=4.78466972708702e-08;
x(61)=-1.0710209608078e-07;
x(62)=-1.88592821359634e-08;
x(63)=3.60887497663498e-08;
x(67)=9.31322574615479e-09;
x(68)=-2.0536600118576e-08;
x(69)=4.4703483581543e-08;
x(70)=-2.04890966415405e-08;
x(71)=-1.83508430163385e-08;
x(72)=1.28988176584244e-07;
x(76)=-1.30385160446167e-08;
x(77)=-1.86264514923096e-09;
x(78)=-2.01398506760597e-08;
x(79)=5.96046447753906e-08;
x(80)=2.56113708019257e-08;
x(81)=2.99187377095222e-08;
x(82)=8.38190317153931e-09;
x(83)=4.83705662190914e-08;
x(84)=1.6065314412117e-08;
x(85)=-4.84287738800049e-08;
x(86)=3.25962901115417e-09;
x(87)=-3.57977114617825e-09;
x(88)=2.51457095146179e-08;
x(89)=-3.51574271917343e-08;
x(90)=-8.38190317153931e-09;
x(91)=-4.2840838432312e-08;
x(92)=2.85872374661267e-08;
x(94)=1.11758708953857e-08;
x(95)=5.35916780989151e-08;
x(96)=-2.61934474110603e-08;
x(97)=-1.41561031341553e-07;
x(98)=-4.44943979153765e-08;
x(99)=1.10594555735588e-09;
x(100)=-3.35276126861572e-08;
x(101)=-1.13844896867025e-07;
x(102)=3.40514816343784e-09;
x(104)=-4.0686478584273e-09;
x(106)=-2.04890966415405e-08;
x(107)=4.57512214779854e-08;
x(108)=-2.5902409106493e-08;
x(109)=-1.564621925354e-07;
x(110)=8.93487595021725e-09;
x(111)=-9.57516022026539e-09;
x(112)=-1.86264514923096e-09;
x(113)=5.29689714312553e-09;
x(114)=3.52156348526478e-09;
x(115)=7.07805156707764e-08;
x(116)=1.23072823043913e-08;
x(118)=1.21071934700012e-07;
x(119)=3.14321368932724e-08;
x(120)=2.31438629063847e-08;
x(121)=-2.42143869400024e-07;
x(122)=1.63563527166843e-08;
x(123)=1.14212667752228e-08;
x(124)=3.24100255966187e-07;
x(125)=-4.5023625716567e-08;
x(126)=-1.9550985628371e-08;
x(127)=-2.04890966415405e-07;
x(128)=7.38145899958909e-08;
x(130)=3.35276126861572e-08;
x(131)=-8.24369695888845e-08;
x(132)=-9.49497057848604e-08;
x(133)=-5.96046447753906e-07;
x(134)=3.21267248932013e-08;
x(135)=-5.51260162572755e-08;
x(136)=2.7194619178772e-07;
x(137)=-1.39000568858756e-07;
x(138)=1.24904063715697e-07;
x(139)=-1.63912773132324e-07;
x(140)=3.40383628944647e-08;
x(142)=-5.58793544769287e-09;
x(143)=1.97906047105789e-09;
x(144)=-7.99874127637731e-08;
x(145)=-2.03028321266174e-07;
x(146)=1.0692747309804e-07;
x(147)=-5.87800433157211e-08;
x(148)=1.69500708580017e-07;
x(149)=-1.04191713035107e-08;
x(150)=3.36887740779172e-08;
x(151)=-8.94069671630859e-08;
x(152)=-3.48445610143244e-08;
x(154)=3.35276126861572e-08;
x(155)=-2.91038304567337e-10;
x(156)=4.19095158576965e-09;
x(157)=-1.97440385818481e-07;
x(158)=2.70665623247623e-09;
x(159)=2.06928234547377e-08;
x(160)=1.77882611751556e-07;
x(161)=-3.05590219795704e-10;
x(162)=1.64727680385113e-08;
x(163)=-1.23865902423859e-07;
x(164)=2.03617673832923e-08;
x(166)=-1.13621354103088e-07;
x(167)=-5.64300568988003e-08;
x(168)=-3.20142135024071e-08;
x(169)=-2.86847352981567e-07;
x(170)=3.19625021996336e-08;
x(171)=-3.13739292323589e-08;
x(172)=1.89989805221558e-07;
x(173)=1.06547617766831e-10;
x(174)=4.84869815409184e-08;
x(175)=-1.50874257087708e-07;
x(176)=3.4721186266266e-08;
x(178)=8.10250639915466e-08;
x(179)=-1.36205926537514e-08;
x(180)=2.36905179917812e-08;
x(181)=-1.50874257087708e-07;
x(182)=8.33824742585421e-08;
x(183)=-3.49245965480804e-10;
x(184)=1.59256160259247e-07;
x(185)=-3.37313394993544e-08;
x(186)=-2.03726813197136e-08;
x(187)=-6.28642737865448e-08;
x(188)=-1.71821739058942e-08;

