function x=hh_res6()
% output of residual computed on processor 
% exactly 3 dofs/global node are output.
freq(6)=0;
x=zeros(189,1);
x(4)=5.0058588385582e-08;
x(5)=-1.34110450744629e-07;
x(6)=-1.9371509552002e-07;
x(7)=-1.15483999252319e-07;
x(8)=1.11758708953857e-08;
x(9)=-1.15483999252319e-07;
x(13)=1.83214365404622e-07;
x(14)=1.49011611938477e-07;
x(15)=-1.4662656512939e-07;
x(16)=1.47225784928714e-07;
x(17)=1.63912773132324e-07;
x(18)=-3.26691996460899e-08;
x(22)=-4.44706529378891e-08;
x(23)=-5.21540641784668e-08;
x(24)=-2.98023223876953e-08;
x(25)=2.46800482273102e-07;
x(26)=-5.21540641784668e-08;
x(27)=-1.86264514923096e-08;
x(31)=6.47097249900951e-08;
x(32)=-9.25322050945515e-08;
x(33)=-2.5331974029541e-07;
x(34)=2.64410288632548e-07;
x(35)=-6.1905200508824e-08;
x(36)=-1.19209289550781e-07;
x(40)=-6.1397183761688e-08;
x(41)=3.05165251107751e-07;
x(42)=-4.91870769293214e-07;
x(43)=2.99965327469132e-07;
x(44)=6.09397686094477e-09;
x(45)=-2.55859017920595e-08;
x(49)=-9.71082303966321e-08;
x(50)=-1.37908554654498e-07;
x(51)=-1.34110450744629e-07;
x(52)=1.25782129509643e-07;
x(53)=6.15479263868648e-09;
x(54)=-1.11758708953857e-07;
x(58)=-1.97906047105789e-09;
x(59)=-2.23517417907715e-07;
x(60)=2.23517417907715e-08;
x(61)=1.09896063804626e-07;
x(62)=3.72529029846191e-08;
x(63)=-7.82310962677002e-08;
x(67)=4.58296785338052e-08;
x(68)=1.63912773132324e-07;
x(69)=-2.00540223671988e-07;
x(70)=2.18030300887365e-07;
x(71)=2.23517417907715e-08;
x(72)=-8.32769559558141e-08;
x(76)=-5.93718141317368e-08;
x(77)=-8.94069671630859e-08;
x(78)=-1.26659870147705e-07;
x(79)=-5.58793544769287e-09;
x(80)=5.96046447753906e-08;
x(81)=3.72529029846191e-09;
x(82)=2.34693288803101e-07;
x(83)=-8.84756445884705e-09;
x(84)=1.0710209608078e-08;
x(85)=-3.72529029846191e-09;
x(86)=-6.33299350738525e-08;
x(87)=-3.16649675369263e-08;
x(88)=-1.22934579849243e-07;
x(89)=-1.71363353729248e-07;
x(90)=-1.24797224998474e-07;
x(91)=3.53902578353882e-08;
x(92)=-6.33299350738525e-08;
x(94)=-2.64448797264914e-08;
x(95)=4.4703483581543e-08;
x(96)=-1.35863151936256e-08;
x(97)=-6.0246816782754e-08;
x(98)=-5.58793544769287e-08;
x(99)=1.47617028177394e-07;
x(100)=-2.37167902637154e-07;
x(102)=-7.59788754834173e-08;
x(103)=1.06723839273957e-07;
x(104)=2.04890966415405e-07;
x(106)=-1.27591192722321e-07;
x(107)=4.33064997196198e-08;
x(108)=5.21540641784668e-08;
x(109)=-4.09781932830811e-08;
x(110)=-1.11758708953857e-08;
x(112)=-5.77419996261597e-08;
x(113)=1.11758708953857e-08;
x(114)=-9.31322574615479e-09;
x(115)=8.38190317153931e-08;
x(116)=3.35276126861572e-08;
x(118)=-7.8047772707901e-08;
x(119)=1.79103358812666e-07;
x(120)=1.65775418281555e-07;
x(121)=-1.28265549027281e-07;
x(122)=-1.41900585627415e-07;
x(123)=5.58793544769287e-08;
x(124)=-6.31216689182157e-08;
x(125)=-8.60456410910691e-08;
x(126)=1.04308128356934e-07;
x(127)=1.35312300792841e-07;
x(128)=-5.91406886222034e-08;
x(130)=-2.25517991218571e-07;
x(131)=-6.3498978933878e-08;
x(132)=-3.64345982791979e-08;
x(133)=-1.15835728045334e-07;
x(134)=2.12639621994442e-08;
x(135)=1.49018129271469e-07;
x(136)=4.38874472254574e-08;
x(137)=1.10353902241099e-07;
x(138)=4.56572867909435e-07;
x(139)=9.70166083946024e-09;
x(140)=1.58274490311377e-07;
x(142)=-1.53439305593318e-07;
x(143)=1.10953254812378e-07;
x(144)=-3.72529029846191e-09;
x(145)=8.82906036168904e-08;
x(146)=1.29032406240783e-07;
x(147)=-3.35276126861572e-08;
x(148)=6.59388618261189e-08;
x(149)=-1.63817193788177e-07;
x(150)=1.9371509552002e-07;
x(151)=-6.95763956312688e-08;
x(152)=-3.39793334059143e-08;
x(154)=-1.08033418655396e-07;
x(155)=-1.35041773319244e-08;
x(156)=4.93600964546204e-08;
x(157)=3.53902578353882e-08;
x(158)=-1.26659870147705e-07;
x(159)=4.84287738800049e-08;
x(160)=-2.04890966415405e-08;
x(161)=1.49011611938477e-07;
x(162)=5.77419996261597e-08;
x(163)=-2.3283064365387e-08;
x(164)=-2.23517417907715e-08;
x(166)=-3.81607266646168e-07;
x(167)=-1.45286321640015e-07;
x(168)=1.35168496391514e-07;
x(169)=8.01802759375096e-08;
x(171)=2.47154448656131e-08;
x(172)=3.13413227413222e-07;
x(173)=1.564621925354e-07;
x(174)=1.94625662005235e-08;
x(175)=-2.1891414735376e-07;
x(176)=-1.08033418655396e-07;
x(178)=-1.89058482646942e-07;
x(179)=6.70552253723145e-08;
x(180)=1.32247805595398e-07;
x(181)=6.23986124992371e-08;
x(182)=4.4703483581543e-08;
x(183)=1.30385160446167e-08;
x(184)=2.08616256713867e-07;
x(185)=7.45058059692383e-09;
x(186)=-1.67638063430786e-08;
x(187)=-2.01165676116943e-07;
x(188)=-1.08033418655396e-07;

