function x=hh_res_a2()
% output of residual computed on processor 
% the a-set info is output.
freq(2)=0;
x=zeros(153,1);
x(1)=2.53785401582718e-08;
x(2)=3.8555299397558e-08;
x(3)=7.63684511184692e-08;
x(4)=-2.52912286669016e-08;
x(5)=6.71134330332279e-08;
x(6)=6.98491930961609e-08;
x(7)=4.05125319957733e-08;
x(8)=-1.25973912044343e-08;
x(9)=1.00582838058472e-07;
x(10)=-3.36440280079842e-08;
x(11)=1.06383273484012e-08;
x(12)=1.58324837684631e-07;
x(13)=2.89874151349068e-08;
x(14)=3.31347109749913e-08;
x(15)=3.07336449623108e-08;
x(16)=1.2732925824821e-08;
x(17)=-2.5029294192791e-09;
x(18)=7.17118382453918e-08;
x(19)=-3.64705270709394e-08;
x(20)=2.27436229682607e-08;
x(21)=-1.3597309589386e-07;
x(22)=7.82470846925261e-09;
x(23)=3.89976894343501e-08;
x(24)=-1.9371509552002e-07;
x(25)=1.38959130506201e-08;
x(26)=-8.06053558114725e-08;
x(27)=-2.68220901489258e-07;
x(28)=-1.71001426437307e-10;
x(29)=2.43516449068615e-07;
x(30)=-2.23517417907715e-07;
x(31)=2.80835439336299e-08;
x(32)=-3.84244916910654e-08;
x(33)=-1.86264514923096e-09;
x(34)=2.2896027027357e-08;
x(35)=-1.45669049703867e-09;
x(36)=-7.07805156707764e-08;
x(37)=-5.23868948221207e-08;
x(38)=-2.39015207625926e-08;
x(39)=6.6123902797699e-08;
x(40)=3.80096025764942e-08;
x(41)=9.31322574615479e-09;
x(42)=5.12227416038513e-08;
x(43)=-2.51457095146179e-08;
x(44)=-1.12534768093883e-08;
x(45)=-8.00937414169312e-08;
x(46)=7.65430741012096e-09;
x(47)=2.33048369589809e-08;
x(48)=-1.86264514923096e-09;
x(49)=2.08383426070213e-08;
x(50)=-1.68802216649055e-09;
x(51)=-4.65661287307739e-09;
x(52)=2.99769453704357e-08;
x(53)=9.54605638980865e-09;
x(54)=-1.86264514923096e-09;
x(55)=1.02445483207703e-08;
x(56)=-7.33416527509689e-08;
x(57)=-5.58793544769287e-08;
x(58)=-8.84756445884705e-09;
x(59)=-3.06463334709406e-08;
x(60)=-2.23517417907715e-08;
x(61)=2.60770320892334e-08;
x(62)=-1.72585714608431e-08;
x(63)=-2.88709998130798e-08;
x(64)=2.29338183999062e-08;
x(65)=-3.14830685965717e-08;
x(66)=-1.76951289176941e-08;
x(67)=-4.02334591027708e-08;
x(68)=9.12696123123169e-08;
x(69)=-1.53202563524246e-07;
x(70)=7.21737721706144e-08;
x(71)=-2.79396772384644e-09;
x(72)=1.47614628076553e-07;
x(73)=1.52223389114015e-07;
x(74)=4.00468707084656e-08;
x(75)=-7.12461769580841e-08;
x(76)=1.11198288373813e-08;
x(77)=-4.78466972708702e-08;
x(78)=-4.49363142251968e-08;
x(79)=2.3283064365387e-08;
x(80)=-2.53785401582718e-08;
x(81)=-1.16124283522367e-08;
x(82)=2.60770320892334e-08;
x(83)=6.30971044301987e-08;
x(84)=1.16415321826935e-09;
x(85)=1.49011611938477e-08;
x(86)=-3.44589352607727e-08;
x(87)=-4.77593857795e-08;
x(88)=7.35140569638229e-08;
x(89)=-4.09185018608478e-08;
x(90)=2.98023223876953e-08;
x(91)=-5.14352024403278e-08;
x(92)=-1.28056834769959e-07;
x(93)=2.98023223876953e-08;
x(94)=4.88903192372105e-09;
x(95)=7.09427635652802e-08;
x(96)=-1.02445483207703e-08;
x(97)=3.88153439174489e-08;
x(98)=-2.64507673322032e-08;
x(99)=-6.41121521321279e-09;
x(100)=1.10544816775191e-07;
x(101)=-3.72529029846191e-08;
x(102)=-1.25719361352307e-08;
x(103)=-2.05216558812364e-08;
x(104)=6.51925802230835e-08;
x(105)=1.66882733045787e-08;
x(106)=1.5719655817778e-07;
x(107)=1.30385160446167e-08;
x(108)=-4.07183332971789e-08;
x(109)=-3.64829275783776e-08;
x(110)=-5.27501861042509e-08;
x(111)=-2.4700802785629e-08;
x(112)=-1.86264514923096e-09;
x(113)=1.748604432994e-08;
x(114)=-7.53744552644566e-08;
x(115)=-9.31322574615479e-10;
x(116)=-6.31630393680567e-09;
x(117)=-8.57660840106388e-08;
x(118)=-4.56348061561584e-08;
x(119)=-1.90029191756094e-08;
x(120)=1.06802384748472e-08;
x(121)=4.07453626394272e-09;
x(122)=-4.16766852140427e-08;
x(123)=-1.86264514923096e-09;
x(124)=1.37370079755783e-08;
x(125)=-8.33824742585421e-08;
x(126)=2.65426933765411e-08;
x(127)=4.2840838432312e-08;
x(128)=1.53377186506987e-08;
x(129)=1.53668224811554e-08;
x(130)=-3.02679836750031e-08;
x(131)=1.50612322613597e-09;
x(132)=6.86850398778915e-08;
x(133)=9.590219379155e-08;
x(134)=5.40167093276978e-08;
x(135)=7.91624188423157e-09;
x(136)=-2.81947517384045e-08;
x(137)=1.76951289176941e-07;
x(138)=5.58793544769287e-08;
x(139)=3.9088152917933e-08;
x(140)=1.86264514923096e-09;
x(141)=-5.14555722475052e-08;
x(142)=-1.02845982284847e-07;
x(143)=-8.40518623590469e-08;
x(144)=7.39237293601036e-09;
x(145)=-7.45058059692383e-09;
x(146)=6.68223947286606e-08;
x(147)=-1.05559593066573e-07;
x(148)=-4.65661287307739e-10;
x(149)=2.56113708019257e-09;
x(150)=5.47734089195728e-08;
x(151)=3.49245965480804e-08;
x(152)=-2.6775524020195e-08;
x(153)=1.46246748045087e-08;

