function x=hh_res_a7()
% output of residual computed on processor 
% the a-set info is output.
freq(7)=0;
x=zeros(153,1);
x(1)=-5.02914190292358e-08;
x(2)=4.19095158576965e-09;
x(3)=5.96046447753906e-08;
x(4)=7.82310962677002e-08;
x(5)=-8.12578946352005e-08;
x(6)=-9.12696123123169e-08;
x(7)=-7.82310962677002e-08;
x(8)=2.079191945146e-07;
x(9)=1.49011611938477e-08;
x(10)=6.70552253723145e-08;
x(11)=2.1773584073116e-07;
x(12)=-1.11758708953857e-07;
x(13)=2.98023223876953e-08;
x(14)=7.91624188423157e-08;
x(15)=5.21540641784668e-08;
x(16)=-1.41561031341553e-07;
x(17)=7.77654349803925e-08;
x(18)=-1.11758708953857e-08;
x(19)=-1.14579077717085e-07;
x(20)=-1.22917082917202e-08;
x(21)=-2.98023223876953e-08;
x(22)=-3.67473704442288e-08;
x(23)=1.23890282813106e-08;
x(24)=8.5681676864624e-08;
x(25)=7.7948060186143e-08;
x(26)=1.67085828689194e-09;
x(27)=5.36441802978516e-07;
x(28)=-1.2256793248954e-07;
x(29)=4.37178714318813e-08;
x(30)=-1.11758708953857e-07;
x(31)=1.05640595166454e-07;
x(32)=-6.81492375261391e-08;
x(33)=7.45058059692383e-08;
x(34)=5.03619183855392e-08;
x(35)=-4.5443744932345e-08;
x(36)=5.21540641784668e-08;
x(37)=-8.7544322013855e-08;
x(38)=-1.29453837871552e-07;
x(39)=1.19209289550781e-07;
x(40)=-8.19563865661621e-08;
x(41)=-4.44706529378891e-08;
x(42)=-8.19563865661621e-08;
x(43)=-1.60187482833862e-07;
x(44)=-9.11316710596024e-08;
x(45)=-2.98023223876953e-08;
x(46)=7.45058059692383e-08;
x(47)=-2.54924764118353e-08;
x(48)=-5.96046447753906e-08;
x(49)=-2.60770320892334e-08;
x(50)=-7.17118382453918e-08;
x(51)=1.49011611938477e-07;
x(52)=4.84287738800049e-08;
x(53)=-4.40049916505814e-08;
x(54)=3.16649675369263e-08;
x(55)=8.5681676864624e-08;
x(56)=5.30853867530823e-08;
x(57)=6.33299350738525e-08;
x(58)=-1.71363353729248e-07;
x(59)=1.08033418655396e-07;
x(60)=3.35276126861572e-08;
x(61)=1.9557774066925e-08;
x(62)=-7.07805156707764e-08;
x(63)=1.11758708953857e-08;
x(64)=-1.02445483207703e-08;
x(65)=3.16649675369263e-08;
x(66)=1.7508864402771e-07;
x(67)=-1.73277467171546e-07;
x(68)=6.33299350738525e-08;
x(69)=-2.23517417907715e-08;
x(70)=-5.53634237463871e-08;
x(71)=-1.78813934326172e-07;
x(72)=1.28522515296936e-07;
x(73)=-1.64470454330141e-07;
x(74)=-1.04308128356934e-07;
x(75)=-4.93600964546204e-08;
x(76)=-6.98994541113974e-08;
x(77)=5.58793544769287e-08;
x(78)=-3.49245965480804e-08;
x(79)=-7.45058059692383e-09;
x(80)=5.96046447753906e-08;
x(81)=1.76951289176941e-08;
x(82)=-1.00582838058472e-07;
x(83)=6.05359673500061e-08;
x(84)=-6.14672899246216e-08;
x(85)=-2.60770320892334e-08;
x(86)=3.49245965480804e-08;
x(87)=-3.88827174901962e-08;
x(88)=-1.42920112605383e-08;
x(89)=-7.72018543580196e-08;
x(90)=-7.45058059692383e-08;
x(91)=-5.13812564978362e-09;
x(92)=2.38458592050998e-07;
x(93)=-7.45058059692383e-08;
x(94)=-1.56911498645692e-07;
x(95)=-1.73247584037197e-07;
x(96)=2.98023223876953e-08;
x(97)=-4.93466727619546e-08;
x(98)=6.77671582458667e-08;
x(99)=5.93649542078056e-08;
x(100)=-3.41785497588766e-07;
x(101)=1.41561031341553e-07;
x(102)=3.44042653837843e-10;
x(103)=-2.8823050833793e-08;
x(104)=-2.98023223876953e-08;
x(105)=-1.35249760908032e-07;
x(106)=-2.2067902979432e-07;
x(107)=-1.78813934326172e-07;
x(108)=-8.79340209691304e-08;
x(109)=2.35061476037703e-07;
x(110)=-1.03679258162245e-07;
x(111)=-3.93443127499774e-08;
x(112)=1.7508864402771e-07;
x(113)=-3.80171478798728e-08;
x(114)=2.92421963092489e-08;
x(115)=4.4703483581543e-08;
x(116)=1.69240365802173e-07;
x(117)=4.76080946735152e-08;
x(118)=-1.11758708953857e-07;
x(119)=-1.04001807205026e-07;
x(120)=3.42160562856916e-08;
x(121)=2.60770320892334e-08;
x(122)=3.30619513988495e-08;
x(123)=-3.35276126861572e-08;
x(124)=6.79865479469299e-08;
x(125)=8.61473381519318e-08;
x(126)=6.33299350738525e-08;
x(127)=2.37487256526947e-08;
x(128)=-4.65661287307739e-08;
x(129)=7.45058059692383e-09;
x(130)=9.59262251853943e-08;
x(131)=3.00351530313492e-08;
x(132)=-2.68220901489258e-07;
x(133)=9.61447843342486e-08;
x(134)=1.11758708953857e-08;
x(135)=1.82539224624634e-07;
x(136)=5.41026063179647e-08;
x(137)=-3.72529029846191e-08;
x(138)=-3.25962901115417e-08;
x(139)=2.16582965920562e-08;
x(140)=-8.19563865661621e-08;
x(141)=9.22009348869324e-08;
x(142)=2.56853356985792e-07;
x(143)=1.04308128356934e-07;
x(144)=-6.28642737865448e-08;
x(145)=-9.68575477600098e-08;
x(146)=1.76951289176941e-08;
x(147)=1.38301402330399e-07;
x(148)=-1.52736902236938e-07;
x(149)=-1.76951289176941e-08;
x(150)=-8.28877091407776e-08;
x(151)=-7.82310962677002e-08;
x(152)=4.65661287307739e-09;
x(153)=9.66247171163559e-08;

