function x=hh_res10()
% output of residual computed on processor 
% exactly 3 dofs/global node are output.
freq(10)=0;
x=zeros(189,1);
x(4)=-2.08616256713867e-07;
x(5)=2.10478901863098e-07;
x(6)=1.84401869773865e-07;
x(7)=1.63912773132324e-07;
x(8)=1.43423676490784e-07;
x(9)=1.73225998878479e-07;
x(13)=-2.08616256713867e-07;
x(14)=-3.93320865414097e-08;
x(15)=-2.34693288803101e-07;
x(16)=-2.98023223876953e-08;
x(17)=-4.08173946735592e-07;
x(18)=-2.23517417907715e-08;
x(22)=-2.98023223876953e-08;
x(23)=2.60770320892334e-08;
x(24)=-3.05473804473877e-07;
x(25)=-1.26659870147705e-07;
x(26)=-2.04890966415405e-08;
x(27)=1.63912773132324e-07;
x(31)=-4.76837158203125e-07;
x(32)=3.46451997756958e-07;
x(33)=6.27691778476227e-07;
x(34)=-2.68220901489258e-07;
x(35)=2.3283064365387e-07;
x(36)=3.35466986739075e-08;
x(40)=-4.17232513427734e-07;
x(41)=-5.43659110572708e-07;
x(42)=5.73999668918323e-08;
x(43)=-3.57627868652344e-07;
x(44)=-1.27315740505847e-07;
x(45)=-1.02629023878398e-07;
x(49)=2.98023223876953e-08;
x(50)=-3.35276126861572e-08;
x(51)=1.94551484008584e-07;
x(52)=-4.76837158203125e-07;
x(53)=3.72529029846191e-07;
x(54)=2.89525586169458e-07;
x(58)=-4.02331352233887e-07;
x(59)=3.40864062309265e-07;
x(60)=-1.564621925354e-07;
x(61)=-2.98023223876953e-07;
x(62)=6.6123902797699e-08;
x(63)=-4.65661287307739e-08;
x(67)=-7.74860382080078e-07;
x(68)=-3.112066852568e-07;
x(69)=-2.27242708206177e-07;
x(70)=-8.34465026855469e-07;
x(71)=-1.97046766831392e-07;
x(72)=-6.33299350738525e-08;
x(76)=-8.94069671630859e-08;
x(77)=-1.86264514923096e-09;
x(78)=-1.76951289176941e-07;
x(79)=-2.38418579101562e-07;
x(80)=3.15718352794647e-07;
x(81)=7.45058059692383e-08;
x(82)=-2.99885869026184e-07;
x(83)=1.11758708953857e-08;
x(84)=-1.30385160446167e-07;
x(85)=1.76951289176941e-07;
x(86)=-1.564621925354e-07;
x(87)=-1.49011611938477e-08;
x(88)=2.23517417907715e-08;
x(89)=1.39698386192322e-07;
x(90)=1.32247805595398e-07;
x(91)=2.23517417907715e-07;
x(92)=-1.68569386005402e-07;
x(94)=1.71363353729248e-07;
x(95)=2.22683873312702e-07;
x(96)=2.98023223876953e-07;
x(97)=-1.19209289550781e-07;
x(98)=1.28318765370799e-07;
x(99)=1.63912773132324e-07;
x(100)=2.5331974029541e-07;
x(101)=3.28142112151858e-07;
x(102)=6.70552253723145e-08;
x(104)=5.45490166181627e-08;
x(106)=3.46451997756958e-07;
x(107)=-8.94069671630859e-08;
x(108)=2.19792127609253e-07;
x(109)=8.00937414169312e-08;
x(110)=-1.37835741043091e-07;
x(111)=1.63912773132324e-07;
x(112)=2.98023223876953e-07;
x(113)=-6.70552253723145e-08;
x(114)=-3.53902578353882e-08;
x(115)=2.23517417907715e-08;
x(116)=-1.49011611938477e-08;
x(118)=-3.65078449249268e-07;
x(119)=-2.01165676116943e-07;
x(120)=-1.63654754423034e-07;
x(121)=8.64267349243164e-07;
x(122)=-2.83122062683105e-07;
x(123)=3.66323335119568e-09;
x(124)=-7.45058059692383e-07;
x(125)=2.86847352981567e-07;
x(126)=3.61640692649903e-09;
x(127)=2.68220901489258e-07;
x(128)=-2.1420419216156e-07;
x(130)=-5.0663948059082e-07;
x(131)=4.5745522023835e-07;
x(132)=2.84251364382405e-07;
x(133)=8.49366188049316e-07;
x(134)=-2.73742084217873e-07;
x(135)=-6.38004435832242e-08;
x(136)=-6.25848770141602e-07;
x(137)=6.62397399265134e-07;
x(138)=-5.91229368437012e-07;
x(139)=4.4703483581543e-07;
x(140)=-3.39589099254088e-07;
x(142)=-4.4703483581543e-08;
x(143)=-1.49011611938477e-07;
x(144)=-1.12048413679556e-07;
x(145)=2.60770320892334e-08;
x(146)=-4.69386577606201e-07;
x(147)=-1.10596956979454e-07;
x(148)=-2.98023223876953e-08;
x(149)=2.23517417907715e-07;
x(150)=1.26093432614491e-08;
x(151)=2.08616256713867e-07;
x(152)=5.77419996261597e-08;
x(154)=-2.21654772758484e-07;
x(155)=-1.37835741043091e-07;
x(156)=-5.58793544769287e-08;
x(157)=2.25380063056946e-07;
x(158)=5.21540641784668e-08;
x(159)=-1.41561031341553e-07;
x(160)=-2.23517417907715e-07;
x(161)=3.53902578353882e-08;
x(162)=-9.68575477600098e-08;
x(163)=1.71363353729248e-07;
x(164)=5.02914190292358e-08;
x(166)=-2.90572643280029e-07;
x(167)=1.21146335261622e-07;
x(168)=5.21540641784668e-08;
x(169)=5.84870576858521e-07;
x(170)=2.34895158210283e-08;
x(171)=-8.19563865661621e-08;
x(172)=-1.9371509552002e-07;
x(173)=5.3584217568533e-09;
x(174)=-2.64495611190796e-07;
x(175)=9.68575477600098e-08;
x(176)=-7.78172421597949e-08;
x(178)=-5.77419996261597e-08;
x(179)=2.04890966415405e-07;
x(180)=-6.33299350738525e-08;
x(181)=2.21654772758484e-07;
x(182)=-4.32133674621582e-07;
x(183)=-8.5681676864624e-08;
x(184)=1.19209289550781e-07;
x(185)=2.10478901863098e-07;
x(186)=-5.02914190292358e-08;
x(187)=-1.11758708953857e-08;
x(188)=5.12227416038513e-08;

