function x=hh_res_a5()
% output of residual computed on processor 
% the a-set info is output.
freq(5)=0;
x=zeros(153,1);
x(1)=7.62229319661856e-08;
x(2)=-7.45058059692383e-08;
x(3)=-9.30158421397209e-08;
x(4)=-1.15018337965012e-07;
x(5)=6.14672899246216e-08;
x(6)=1.47847458720207e-08;
x(7)=2.2638640828985e-07;
x(8)=-3.72529029846191e-09;
x(9)=1.80806211340551e-07;
x(10)=-7.53116355696338e-08;
x(11)=7.45058059692383e-08;
x(12)=1.40861820265229e-07;
x(13)=-4.15602698922157e-08;
x(14)=-9.87201929092407e-08;
x(15)=8.78935679793358e-08;
x(16)=9.73232090473175e-08;
x(17)=-8.7544322013855e-08;
x(18)=-7.6834112405777e-09;
x(19)=8.59727151691914e-08;
x(20)=-1.49011611938477e-08;
x(21)=-2.59720945943913e-07;
x(22)=1.7508864402771e-07;
x(23)=1.11758708953857e-08;
x(24)=1.42216200413554e-08;
x(25)=-1.97658853433879e-07;
x(26)=1.41561031341553e-07;
x(27)=-1.05570498748181e-07;
x(28)=-5.70798017100705e-08;
x(29)=-1.04308128356934e-07;
x(30)=9.82669828700842e-08;
x(31)=-2.08441633731127e-07;
x(32)=5.58793544769287e-08;
x(33)=-2.2367559531728e-07;
x(34)=1.30385160446167e-07;
x(35)=1.49011611938477e-08;
x(36)=-1.022570615258e-07;
x(37)=1.12253474071622e-07;
x(38)=-8.94069671630859e-08;
x(39)=1.24739017337561e-07;
x(40)=2.42143869400024e-08;
x(41)=8.94069671630859e-08;
x(42)=5.05242496728897e-08;
x(43)=1.83889128636788e-07;
x(44)=-3.72529029846191e-09;
x(45)=2.2973276924564e-07;
x(46)=1.7819768226809e-07;
x(47)=-1.22934579849243e-07;
x(48)=1.79249120318008e-07;
x(49)=-6.05359673500061e-08;
x(50)=-5.77419996261597e-08;
x(51)=8.24802555143833e-08;
x(52)=8.38190317153931e-09;
x(53)=7.26431608200073e-08;
x(54)=1.14203430712223e-07;
x(55)=-9.31322574615479e-09;
x(56)=5.02914190292358e-08;
x(57)=2.6775524020195e-08;
x(58)=9.77888703346252e-08;
x(59)=4.65661287307739e-09;
x(60)=-3.04426066577435e-08;
x(61)=-1.08033418655396e-07;
x(62)=-7.35744833946228e-08;
x(63)=-9.14151314646006e-08;
x(64)=-7.45058059692383e-09;
x(65)=2.18860805034637e-08;
x(66)=-5.396107226703e-08;
x(67)=2.23517417907715e-08;
x(68)=-1.3322530279237e-07;
x(69)=-1.25609927046909e-08;
x(70)=-6.56582415103912e-08;
x(71)=-5.15821917268976e-08;
x(72)=-2.02768877746665e-09;
x(73)=-2.09547579288483e-07;
x(74)=2.44641486186718e-08;
x(75)=1.31879185688109e-08;
x(76)=1.36904418468475e-07;
x(77)=-3.77185642719269e-08;
x(78)=1.04308128356934e-07;
x(79)=-5.8906152844429e-08;
x(80)=-1.05239450931549e-07;
x(81)=8.42846930027008e-08;
x(82)=-1.26485247164965e-07;
x(83)=4.00468707084656e-08;
x(84)=-3.11993062496185e-08;
x(85)=3.57686076313257e-08;
x(86)=-5.12227416038513e-09;
x(87)=2.18860805034637e-08;
x(88)=-1.35041773319244e-07;
x(89)=1.45286321640015e-07;
x(90)=9.65148750968621e-08;
x(91)=1.15483999252319e-07;
x(92)=6.51925802230835e-08;
x(93)=-2.61276514868058e-08;
x(94)=7.26431608200073e-08;
x(95)=-4.19095158576965e-08;
x(96)=-5.11706586433993e-08;
x(97)=3.91155481338501e-08;
x(98)=2.1420419216156e-08;
x(99)=-1.28537964288946e-07;
x(100)=-2.7194619178772e-07;
x(101)=-2.9908078549143e-07;
x(102)=-6.27231658676412e-08;
x(103)=1.31316483020782e-07;
x(104)=-1.48216701103165e-07;
x(105)=2.20517196789987e-07;
x(106)=-1.84401869773865e-07;
x(107)=3.50759436706567e-07;
x(108)=-8.7051242093398e-09;
x(109)=1.78813934326172e-07;
x(110)=-4.65661287307739e-09;
x(111)=1.58324837684631e-07;
x(112)=-4.62007822817704e-08;
x(113)=1.15483999252319e-07;
x(114)=3.09199094772339e-07;
x(115)=1.09384382397131e-08;
x(116)=6.51925802230835e-08;
x(117)=-1.15483999252319e-07;
x(118)=7.16491590927791e-08;
x(119)=-1.11758708953857e-08;
x(120)=-4.00468707084656e-08;
x(121)=3.72529029846191e-08;
x(122)=-3.91155481338501e-08;
x(123)=5.8906152844429e-08;
x(124)=-1.57393515110016e-07;
x(125)=-1.93249434232712e-08;
x(126)=2.79396772384644e-09;
x(127)=-4.93600964546204e-08;
x(128)=2.42143869400024e-08;
x(129)=8.26839823275805e-08;
x(130)=-4.19095158576965e-09;
x(131)=-3.81842255592346e-08;
x(132)=-6.2616437963337e-08;
x(133)=-2.10478901863098e-07;
x(134)=2.5384116070846e-08;
x(135)=-1.54198755859412e-07;
x(136)=-3.72529029846191e-09;
x(137)=-9.36473334022408e-08;
x(138)=1.78376652232174e-08;
x(139)=6.6123902797699e-08;
x(140)=1.00657443264553e-07;
x(141)=7.52366136036919e-09;
x(142)=5.40167093276978e-08;
x(143)=-2.98023223876953e-08;
x(144)=5.58793544769287e-09;
x(145)=1.06985680758953e-07;
x(146)=4.4703483581543e-08;
x(147)=1.60187482833862e-07;
x(148)=2.92202457785606e-08;
x(149)=1.11758708953857e-08;
x(150)=-5.30853867530823e-08;
x(151)=-1.9121216610074e-08;
x(152)=-5.5413693189621e-08;
x(153)=-2.00234353542328e-08;

