function x=hh_res_a1()
% output of residual computed on processor 
% the a-set info is output.
x=zeros(153,1);
x(1)=-1.22236087918282e-09;
x(2)=1.81316863745451e-08;
x(3)=5.18266460858285e-08;
x(4)=1.19616743177176e-08;
x(5)=5.58793544769287e-09;
x(6)=9.66610969044268e-09;
x(7)=6.02280882625534e-10;
x(8)=-2.71829776465893e-08;
x(9)=4.24590560764028e-08;
x(10)=1.71938085109339e-08;
x(11)=4.97093424201012e-08;
x(12)=3.55596281645489e-08;
x(13)=2.42143869400024e-08;
x(14)=-3.52156348526478e-09;
x(15)=2.93221091851592e-08;
x(16)=2.72702891379595e-08;
x(17)=4.01632860302925e-09;
x(18)=-3.3796823117882e-09;
x(19)=4.68571670353413e-09;
x(20)=1.97906047105789e-09;
x(21)=-1.11201704771633e-08;
x(22)=4.14438545703888e-08;
x(23)=1.08149833977222e-07;
x(24)=-4.18479798592035e-08;
x(25)=6.81846145738605e-08;
x(26)=-5.39002940058708e-08;
x(27)=-9.35587299876334e-08;
x(28)=2.13352370459039e-08;
x(29)=1.52736902236938e-07;
x(30)=-1.11526412684488e-07;
x(31)=3.98140400648117e-08;
x(32)=-1.68220140039921e-08;
x(33)=1.52781728785167e-09;
x(34)=-9.10949893295765e-08;
x(35)=9.70903784036636e-08;
x(36)=-3.34572409586008e-08;
x(37)=-1.36788003146648e-09;
x(38)=-1.36788003146648e-08;
x(39)=-2.44872353505343e-08;
x(40)=1.69675331562757e-08;
x(41)=1.158332452178e-08;
x(42)=-3.64816514775157e-08;
x(43)=-4.75130303201587e-09;
x(44)=-3.44007275998592e-08;
x(45)=-4.09611598960089e-08;
x(46)=3.18617265223715e-08;
x(47)=4.05125319957733e-08;
x(48)=-3.56131711157439e-08;
x(49)=1.38388713821769e-08;
x(50)=-1.41153577715158e-08;
x(51)=-1.94304448086768e-08;
x(52)=2.07510311156511e-08;
x(53)=5.23868948221207e-08;
x(54)=1.39370968099684e-08;
x(55)=-2.94821802526712e-08;
x(56)=4.31318767368793e-08;
x(57)=-2.8093381843064e-08;
x(58)=3.00933606922626e-08;
x(59)=5.5297277867794e-09;
x(60)=4.39058567280881e-09;
x(61)=2.99769453704357e-09;
x(62)=-1.88592821359634e-08;
x(63)=-3.83920450985897e-09;
x(64)=3.49245965480804e-09;
x(65)=-5.1804818212986e-09;
x(66)=-5.37515812623409e-08;
x(67)=-2.82889232039452e-08;
x(68)=-3.12028270229831e-08;
x(69)=1.28376312325664e-08;
x(70)=-4.72646206617355e-08;
x(71)=-1.7505163494728e-09;
x(72)=8.94689832518216e-11;
x(73)=-4.09781932830811e-08;
x(74)=2.43147617372432e-08;
x(75)=-1.30011649156863e-08;
x(76)=6.63567334413528e-09;
x(77)=-3.91155481338501e-08;
x(78)=-2.49128788709641e-08;
x(79)=3.62706487067044e-09;
x(80)=-7.62520357966423e-09;
x(81)=-6.40284270048141e-10;
x(82)=-9.31686372496188e-09;
x(83)=1.01572368294001e-08;
x(84)=-4.80795279145241e-08;
x(85)=1.04498667496955e-08;
x(86)=-5.29689714312553e-09;
x(87)=1.2572854757309e-08;
x(88)=-4.40340954810381e-08;
x(89)=-4.88944351673126e-09;
x(90)=-6.00765780868582e-08;
x(91)=2.38069333136082e-08;
x(92)=3.2130628824234e-08;
x(93)=1.46514623493928e-08;
x(94)=2.42725946009159e-08;
x(95)=-1.28056854009628e-08;
x(96)=-7.52389425911782e-09;
x(97)=-5.76255843043327e-09;
x(98)=-1.10594555735588e-08;
x(99)=-7.67533672925968e-08;
x(100)=2.02562659978867e-08;
x(101)=5.34317008423334e-09;
x(102)=8.4519199871511e-08;
x(103)=9.01054590940475e-08;
x(104)=5.80028577408493e-08;
x(105)=-2.18583594365284e-08;
x(106)=-1.46683305501938e-07;
x(107)=9.44091448924234e-09;
x(108)=-8.91072895007376e-08;
x(109)=9.26665961742401e-08;
x(110)=-3.49828042089939e-08;
x(111)=1.82772055268288e-08;
x(112)=-1.22342170896395e-08;
x(113)=-2.23517417907715e-08;
x(114)=8.98726284503937e-08;
x(115)=-1.30745794620806e-09;
x(116)=8.25966708362103e-08;
x(117)=-1.98604539036751e-07;
x(118)=1.32506248538187e-08;
x(119)=-5.16301952302456e-08;
x(120)=3.44589352607727e-08;
x(121)=-1.08848325908184e-08;
x(122)=-3.90573404729366e-08;
x(123)=-7.56699591875076e-10;
x(124)=1.85391400009394e-08;
x(125)=-2.09547579288483e-09;
x(126)=2.65163180301897e-09;
x(127)=2.54367478191853e-08;
x(128)=6.98491930961609e-09;
x(129)=-2.13626663025934e-08;
x(130)=-9.53150447458029e-09;
x(131)=9.48784872889519e-09;
x(132)=-4.07427943077292e-08;
x(133)=1.40862539410591e-08;
x(134)=3.69897222031684e-08;
x(135)=5.0336223364925e-08;
x(136)=3.81842255592346e-08;
x(137)=2.30205685098969e-08;
x(138)=5.99199577940354e-08;
x(139)=-4.19095158576965e-09;
x(140)=-1.67126656985257e-08;
x(141)=-6.87111363660703e-08;
x(142)=-4.42378222942352e-09;
x(143)=-9.31322574615479e-10;
x(144)=9.89530235528946e-09;
x(145)=6.0572347138077e-09;
x(146)=-5.45987859368324e-08;
x(147)=-1.10594555735588e-08;
x(148)=2.24690666073002e-08;
x(149)=4.57221176475286e-08;
x(150)=-7.79982656240463e-09;
x(151)=-7.45126271795016e-09;
x(152)=-1.26019585877657e-08;
x(153)=-6.28642737865448e-09;

