function x=hh_res_a10()
% output of residual computed on processor 
% the a-set info is output.
freq(10)=0;
x=zeros(153,1);
x(1)=-2.08616256713867e-07;
x(2)=2.10478901863098e-07;
x(3)=1.84401869773865e-07;
x(4)=1.63912773132324e-07;
x(5)=1.43423676490784e-07;
x(6)=1.73225998878479e-07;
x(7)=-2.08616256713867e-07;
x(8)=-3.93320865414097e-08;
x(9)=-2.34693288803101e-07;
x(10)=-2.98023223876953e-08;
x(11)=-4.08173946735592e-07;
x(12)=-2.23517417907715e-08;
x(13)=-2.98023223876953e-08;
x(14)=2.60770320892334e-08;
x(15)=-3.05473804473877e-07;
x(16)=-1.26659870147705e-07;
x(17)=-2.04890966415405e-08;
x(18)=1.63912773132324e-07;
x(19)=-4.76837158203125e-07;
x(20)=3.46451997756958e-07;
x(21)=6.27691778476227e-07;
x(22)=-2.68220901489258e-07;
x(23)=2.3283064365387e-07;
x(24)=3.35466986739075e-08;
x(25)=-4.17232513427734e-07;
x(26)=-5.43659110572708e-07;
x(27)=5.73999668918323e-08;
x(28)=-3.57627868652344e-07;
x(29)=-1.27315740505847e-07;
x(30)=-1.02629023878398e-07;
x(31)=2.98023223876953e-08;
x(32)=-3.35276126861572e-08;
x(33)=1.94551484008584e-07;
x(34)=-4.76837158203125e-07;
x(35)=3.72529029846191e-07;
x(36)=2.89525586169458e-07;
x(37)=-4.02331352233887e-07;
x(38)=3.40864062309265e-07;
x(39)=-1.564621925354e-07;
x(40)=-2.98023223876953e-07;
x(41)=6.6123902797699e-08;
x(42)=-4.65661287307739e-08;
x(43)=-7.74860382080078e-07;
x(44)=-3.112066852568e-07;
x(45)=-2.27242708206177e-07;
x(46)=-8.34465026855469e-07;
x(47)=-1.97046766831392e-07;
x(48)=-6.33299350738525e-08;
x(49)=-8.94069671630859e-08;
x(50)=-1.86264514923096e-09;
x(51)=-1.76951289176941e-07;
x(52)=-2.38418579101562e-07;
x(53)=3.15718352794647e-07;
x(54)=7.45058059692383e-08;
x(55)=-2.99885869026184e-07;
x(56)=1.11758708953857e-08;
x(57)=-1.30385160446167e-07;
x(58)=1.76951289176941e-07;
x(59)=-1.564621925354e-07;
x(60)=-1.49011611938477e-08;
x(61)=2.23517417907715e-08;
x(62)=1.39698386192322e-07;
x(63)=1.32247805595398e-07;
x(64)=2.23517417907715e-07;
x(65)=-1.68569386005402e-07;
x(66)=1.71363353729248e-07;
x(67)=2.22683873312702e-07;
x(68)=2.98023223876953e-07;
x(69)=-1.19209289550781e-07;
x(70)=1.28318765370799e-07;
x(71)=1.63912773132324e-07;
x(72)=2.5331974029541e-07;
x(73)=3.28142112151858e-07;
x(74)=6.70552253723145e-08;
x(76)=5.45490166181627e-08;
x(77)=3.46451997756958e-07;
x(78)=-8.94069671630859e-08;
x(79)=2.19792127609253e-07;
x(80)=8.00937414169312e-08;
x(81)=-1.37835741043091e-07;
x(82)=1.63912773132324e-07;
x(83)=2.98023223876953e-07;
x(84)=-6.70552253723145e-08;
x(85)=-3.53902578353882e-08;
x(86)=2.23517417907715e-08;
x(87)=-1.49011611938477e-08;
x(88)=-3.65078449249268e-07;
x(89)=-2.01165676116943e-07;
x(90)=-1.63654754423034e-07;
x(91)=8.64267349243164e-07;
x(92)=-2.83122062683105e-07;
x(93)=3.66323335119568e-09;
x(94)=-7.45058059692383e-07;
x(95)=2.86847352981567e-07;
x(96)=3.61640692649903e-09;
x(97)=2.68220901489258e-07;
x(98)=-2.1420419216156e-07;
x(99)=-5.0663948059082e-07;
x(100)=4.5745522023835e-07;
x(101)=2.84251364382405e-07;
x(102)=8.49366188049316e-07;
x(103)=-2.73742084217873e-07;
x(104)=-6.38004435832242e-08;
x(105)=-6.25848770141602e-07;
x(106)=6.62397399265134e-07;
x(107)=-5.91229368437012e-07;
x(108)=4.4703483581543e-07;
x(109)=-3.39589099254088e-07;
x(110)=-4.4703483581543e-08;
x(111)=-1.49011611938477e-07;
x(112)=-1.12048413679556e-07;
x(113)=2.60770320892334e-08;
x(114)=-4.69386577606201e-07;
x(115)=-1.10596956979454e-07;
x(116)=-2.98023223876953e-08;
x(117)=2.23517417907715e-07;
x(118)=1.26093432614491e-08;
x(119)=2.08616256713867e-07;
x(120)=5.77419996261597e-08;
x(121)=-2.21654772758484e-07;
x(122)=-1.37835741043091e-07;
x(123)=-5.58793544769287e-08;
x(124)=2.25380063056946e-07;
x(125)=5.21540641784668e-08;
x(126)=-1.41561031341553e-07;
x(127)=-2.23517417907715e-07;
x(128)=3.53902578353882e-08;
x(129)=-9.68575477600098e-08;
x(130)=1.71363353729248e-07;
x(131)=5.02914190292358e-08;
x(132)=-2.90572643280029e-07;
x(133)=1.21146335261622e-07;
x(134)=5.21540641784668e-08;
x(135)=5.84870576858521e-07;
x(136)=2.34895158210283e-08;
x(137)=-8.19563865661621e-08;
x(138)=-1.9371509552002e-07;
x(139)=5.3584217568533e-09;
x(140)=-2.64495611190796e-07;
x(141)=9.68575477600098e-08;
x(142)=-7.78172421597949e-08;
x(143)=-5.77419996261597e-08;
x(144)=2.04890966415405e-07;
x(145)=-6.33299350738525e-08;
x(146)=2.21654772758484e-07;
x(147)=-4.32133674621582e-07;
x(148)=-8.5681676864624e-08;
x(149)=1.19209289550781e-07;
x(150)=2.10478901863098e-07;
x(151)=-5.02914190292358e-08;
x(152)=-1.11758708953857e-08;
x(153)=5.12227416038513e-08;

