function x=hh_res1()
% output of residual computed on processor 
% exactly 3 dofs/global node are output.
x=zeros(189,1);
x(4)=-1.22236087918282e-09;
x(5)=1.81316863745451e-08;
x(6)=5.18266460858285e-08;
x(7)=1.19616743177176e-08;
x(8)=5.58793544769287e-09;
x(9)=9.66610969044268e-09;
x(13)=6.02280882625534e-10;
x(14)=-2.71829776465893e-08;
x(15)=4.24590560764028e-08;
x(16)=1.71938085109339e-08;
x(17)=4.97093424201012e-08;
x(18)=3.55596281645489e-08;
x(22)=2.42143869400024e-08;
x(23)=-3.52156348526478e-09;
x(24)=2.93221091851592e-08;
x(25)=2.72702891379595e-08;
x(26)=4.01632860302925e-09;
x(27)=-3.3796823117882e-09;
x(31)=4.68571670353413e-09;
x(32)=1.97906047105789e-09;
x(33)=-1.11201704771633e-08;
x(34)=4.14438545703888e-08;
x(35)=1.08149833977222e-07;
x(36)=-4.18479798592035e-08;
x(40)=6.81846145738605e-08;
x(41)=-5.39002940058708e-08;
x(42)=-9.35587299876334e-08;
x(43)=2.13352370459039e-08;
x(44)=1.52736902236938e-07;
x(45)=-1.11526412684488e-07;
x(49)=3.98140400648117e-08;
x(50)=-1.68220140039921e-08;
x(51)=1.52781728785167e-09;
x(52)=-9.10949893295765e-08;
x(53)=9.70903784036636e-08;
x(54)=-3.34572409586008e-08;
x(58)=-1.36788003146648e-09;
x(59)=-1.36788003146648e-08;
x(60)=-2.44872353505343e-08;
x(61)=1.69675331562757e-08;
x(62)=1.158332452178e-08;
x(63)=-3.64816514775157e-08;
x(67)=-4.75130303201587e-09;
x(68)=-3.44007275998592e-08;
x(69)=-4.09611598960089e-08;
x(70)=3.18617265223715e-08;
x(71)=4.05125319957733e-08;
x(72)=-3.56131711157439e-08;
x(76)=1.38388713821769e-08;
x(77)=-1.41153577715158e-08;
x(78)=-1.94304448086768e-08;
x(79)=2.07510311156511e-08;
x(80)=5.23868948221207e-08;
x(81)=1.39370968099684e-08;
x(82)=-2.94821802526712e-08;
x(83)=4.31318767368793e-08;
x(84)=-2.8093381843064e-08;
x(85)=3.00933606922626e-08;
x(86)=5.5297277867794e-09;
x(87)=4.39058567280881e-09;
x(88)=2.99769453704357e-09;
x(89)=-1.88592821359634e-08;
x(90)=-3.83920450985897e-09;
x(91)=3.49245965480804e-09;
x(92)=-5.1804818212986e-09;
x(94)=-5.37515812623409e-08;
x(95)=-2.82889232039452e-08;
x(96)=-3.12028270229831e-08;
x(97)=1.28376312325664e-08;
x(98)=-4.72646206617355e-08;
x(99)=-1.7505163494728e-09;
x(100)=8.94689832518216e-11;
x(101)=-4.09781932830811e-08;
x(102)=2.43147617372432e-08;
x(103)=-1.30011649156863e-08;
x(104)=6.63567334413528e-09;
x(106)=-3.91155481338501e-08;
x(107)=-2.49128788709641e-08;
x(108)=3.62706487067044e-09;
x(109)=-7.62520357966423e-09;
x(110)=-6.40284270048141e-10;
x(111)=-9.31686372496188e-09;
x(112)=1.01572368294001e-08;
x(113)=-4.80795279145241e-08;
x(114)=1.04498667496955e-08;
x(115)=-5.29689714312553e-09;
x(116)=1.2572854757309e-08;
x(118)=-4.40340954810381e-08;
x(119)=-4.88944351673126e-09;
x(120)=-6.00765780868582e-08;
x(121)=2.38069333136082e-08;
x(122)=3.2130628824234e-08;
x(123)=1.46514623493928e-08;
x(124)=2.42725946009159e-08;
x(125)=-1.28056854009628e-08;
x(126)=-7.52389425911782e-09;
x(127)=-5.76255843043327e-09;
x(128)=-1.10594555735588e-08;
x(130)=-7.67533672925968e-08;
x(131)=2.02562659978867e-08;
x(132)=5.34317008423334e-09;
x(133)=8.4519199871511e-08;
x(134)=9.01054590940475e-08;
x(135)=5.80028577408493e-08;
x(136)=-2.18583594365284e-08;
x(137)=-1.46683305501938e-07;
x(138)=9.44091448924234e-09;
x(139)=-8.91072895007376e-08;
x(140)=9.26665961742401e-08;
x(142)=-3.49828042089939e-08;
x(143)=1.82772055268288e-08;
x(144)=-1.22342170896395e-08;
x(145)=-2.23517417907715e-08;
x(146)=8.98726284503937e-08;
x(147)=-1.30745794620806e-09;
x(148)=8.25966708362103e-08;
x(149)=-1.98604539036751e-07;
x(150)=1.32506248538187e-08;
x(151)=-5.16301952302456e-08;
x(152)=3.44589352607727e-08;
x(154)=-1.08848325908184e-08;
x(155)=-3.90573404729366e-08;
x(156)=-7.56699591875076e-10;
x(157)=1.85391400009394e-08;
x(158)=-2.09547579288483e-09;
x(159)=2.65163180301897e-09;
x(160)=2.54367478191853e-08;
x(161)=6.98491930961609e-09;
x(162)=-2.13626663025934e-08;
x(163)=-9.53150447458029e-09;
x(164)=9.48784872889519e-09;
x(166)=-4.07427943077292e-08;
x(167)=1.40862539410591e-08;
x(168)=3.69897222031684e-08;
x(169)=5.0336223364925e-08;
x(170)=3.81842255592346e-08;
x(171)=2.30205685098969e-08;
x(172)=5.99199577940354e-08;
x(173)=-4.19095158576965e-09;
x(174)=-1.67126656985257e-08;
x(175)=-6.87111363660703e-08;
x(176)=-4.42378222942352e-09;
x(178)=-9.31322574615479e-10;
x(179)=9.89530235528946e-09;
x(180)=6.0572347138077e-09;
x(181)=-5.45987859368324e-08;
x(182)=-1.10594555735588e-08;
x(183)=2.24690666073002e-08;
x(184)=4.57221176475286e-08;
x(185)=-7.79982656240463e-09;
x(186)=-7.45126271795016e-09;
x(187)=-1.26019585877657e-08;
x(188)=-6.28642737865448e-09;

