function x=hh_res_a9()
% output of residual computed on processor 
% the a-set info is output.
freq(9)=0;
x=zeros(153,1);
x(1)=3.72529029846191e-08;
x(2)=-2.16066837310791e-07;
x(3)=-1.41561031341553e-07;
x(4)=1.86264514923096e-07;
x(5)=-7.26431608200073e-08;
x(6)=-1.30385160446167e-07;
x(7)=1.49011611938477e-08;
x(8)=-1.99307799257072e-08;
x(9)=-4.4703483581543e-08;
x(10)=1.49011611938477e-07;
x(11)=5.57741392619338e-08;
x(12)=-1.41561031341553e-07;
x(13)=5.21540641784668e-08;
x(14)=1.99303030967712e-07;
x(15)=-2.98023223876953e-08;
x(16)=1.63912773132324e-07;
x(17)=6.70552253723145e-08;
x(18)=-5.21540641784668e-08;
x(19)=3.52647656045644e-08;
x(20)=-8.5861431859976e-08;
x(21)=2.23517417907715e-08;
x(22)=1.36926009953992e-07;
x(23)=-8.78945725280857e-08;
x(24)=5.96046447753906e-08;
x(25)=1.61304882717146e-07;
x(26)=1.82233805987572e-07;
x(27)=4.4703483581543e-07;
x(28)=2.23864831408629e-07;
x(29)=1.85428468507908e-07;
x(30)=1.04308128356934e-07;
x(31)=1.3492979921743e-08;
x(32)=1.20261055677934e-07;
x(33)=1.49011611938477e-07;
x(34)=2.55028701875856e-07;
x(35)=-3.83198561522156e-08;
x(36)=6.70552253723145e-08;
x(37)=1.34110450744629e-07;
x(38)=2.79396772384644e-08;
x(39)=-1.19209289550781e-07;
x(40)=1.41561031341553e-07;
x(41)=-3.16649675369263e-08;
x(42)=2.98023223876953e-08;
x(43)=3.42726707458496e-07;
x(44)=-9.20120948902301e-08;
x(45)=-2.98023223876953e-08;
x(46)=1.04308128356934e-07;
x(47)=1.26506855780169e-07;
x(48)=5.21540641784668e-08;
x(49)=6.70552253723145e-08;
x(50)=-1.19209289550781e-07;
x(51)=-4.4703483581543e-08;
x(52)=-8.94069671630859e-08;
x(53)=-1.11758708953857e-08;
x(54)=-5.21540641784668e-08;
x(55)=1.9371509552002e-07;
x(56)=-5.30853867530823e-08;
x(57)=-5.12227416038513e-08;
x(58)=-1.41561031341553e-07;
x(59)=3.25962901115417e-08;
x(60)=-2.84053385257721e-08;
x(61)=3.72529029846191e-08;
x(62)=3.02679836750031e-08;
x(63)=-2.51457095146179e-08;
x(64)=3.72529029846191e-08;
x(65)=-9.08039510250092e-09;
x(66)=-7.45058059692383e-08;
x(67)=-8.87028385343773e-09;
x(68)=-6.14672899246216e-08;
x(69)=1.9371509552002e-07;
x(70)=-1.13455350480763e-07;
x(71)=-1.23400241136551e-08;
x(72)=-6.70552253723145e-07;
x(73)=6.3618958886156e-08;
x(74)=2.70083546638489e-08;
x(75)=1.11758708953857e-07;
x(76)=-5.95033546906549e-08;
x(77)=-1.49011611938477e-07;
x(78)=6.05359673500061e-08;
x(79)=-7.72997736930847e-08;
x(80)=4.4703483581543e-08;
x(81)=-6.23986124992371e-08;
x(82)=-2.28174030780792e-08;
x(83)=-2.90572643280029e-07;
x(84)=1.44354999065399e-08;
x(85)=-2.04890966415405e-08;
x(86)=1.45286321640015e-07;
x(87)=3.56230884790421e-08;
x(88)=1.70072541643733e-07;
x(89)=-6.52027016743514e-08;
x(90)=-2.3283064365387e-08;
x(91)=2.16142692906982e-08;
x(92)=1.51313379801578e-08;
x(93)=-1.58324837684631e-08;
x(94)=-6.38966670231035e-08;
x(95)=-1.41593883151501e-08;
x(96)=5.21540641784668e-08;
x(97)=4.3810546597461e-08;
x(98)=-1.32533582699388e-08;
x(99)=2.36033855729726e-07;
x(100)=9.65443917017173e-08;
x(101)=-7.82310962677002e-08;
x(102)=-2.28032322379803e-07;
x(103)=-7.49715010905873e-08;
x(104)=1.30385160446167e-08;
x(105)=-1.42625284062858e-07;
x(106)=-4.26687672284485e-08;
x(107)=4.4703483581543e-08;
x(108)=1.0686686992254e-07;
x(109)=-1.0377138513832e-07;
x(110)=-6.30936884680351e-08;
x(111)=5.5688033082602e-08;
x(112)=-1.58324837684631e-08;
x(113)=-8.18961884311892e-08;
x(114)=2.39173621368051e-08;
x(115)=-7.82310962677002e-08;
x(116)=-9.99986023477053e-08;
x(117)=7.39149010513932e-08;
x(118)=-1.67638063430786e-08;
x(119)=-8.7771781683229e-08;
x(120)=-2.97953100151482e-08;
x(121)=7.45058059692383e-09;
x(122)=-2.88709998130798e-08;
x(123)=3.25962901115417e-08;
x(124)=1.49011611938477e-08;
x(125)=-4.74974513053894e-08;
x(126)=8.33533704280853e-08;
x(128)=-6.10016286373138e-08;
x(129)=2.70083546638489e-08;
x(130)=5.58793544769287e-08;
x(131)=-2.98023223876953e-08;
x(132)=3.42726707458496e-07;
x(133)=5.45410810201317e-08;
x(134)=-2.42143869400024e-08;
x(135)=-3.57627868652344e-07;
x(136)=-8.50121571677421e-08;
x(137)=1.01514160633087e-07;
x(138)=1.34110450744629e-07;
x(139)=-1.44618897835054e-08;
x(140)=1.23865902423859e-07;
x(141)=-6.70552253723145e-08;
x(142)=5.90142236682187e-09;
x(143)=7.45058059692383e-09;
x(144)=2.1420419216156e-08;
x(145)=3.91155481338501e-08;
x(146)=-1.41561031341553e-07;
x(147)=5.12227416038513e-08;
x(148)=6.23986124992371e-08;
x(149)=1.26659870147705e-07;
x(150)=1.81607902050018e-08;
x(151)=1.67638063430786e-08;
x(152)=-2.12341547012329e-07;
x(153)=-5.70435076951981e-08;

