function x=hh_res_a6()
% output of residual computed on processor 
% the a-set info is output.
freq(6)=0;
x=zeros(153,1);
x(1)=5.0058588385582e-08;
x(2)=-1.34110450744629e-07;
x(3)=-1.9371509552002e-07;
x(4)=-1.15483999252319e-07;
x(5)=1.11758708953857e-08;
x(6)=-1.15483999252319e-07;
x(7)=1.83214365404622e-07;
x(8)=1.49011611938477e-07;
x(9)=-1.4662656512939e-07;
x(10)=1.47225784928714e-07;
x(11)=1.63912773132324e-07;
x(12)=-3.26691996460899e-08;
x(13)=-4.44706529378891e-08;
x(14)=-5.21540641784668e-08;
x(15)=-2.98023223876953e-08;
x(16)=2.46800482273102e-07;
x(17)=-5.21540641784668e-08;
x(18)=-1.86264514923096e-08;
x(19)=6.47097249900951e-08;
x(20)=-9.25322050945515e-08;
x(21)=-2.5331974029541e-07;
x(22)=2.64410288632548e-07;
x(23)=-6.1905200508824e-08;
x(24)=-1.19209289550781e-07;
x(25)=-6.1397183761688e-08;
x(26)=3.05165251107751e-07;
x(27)=-4.91870769293214e-07;
x(28)=2.99965327469132e-07;
x(29)=6.09397686094477e-09;
x(30)=-2.55859017920595e-08;
x(31)=-9.71082303966321e-08;
x(32)=-1.37908554654498e-07;
x(33)=-1.34110450744629e-07;
x(34)=1.25782129509643e-07;
x(35)=6.15479263868648e-09;
x(36)=-1.11758708953857e-07;
x(37)=-1.97906047105789e-09;
x(38)=-2.23517417907715e-07;
x(39)=2.23517417907715e-08;
x(40)=1.09896063804626e-07;
x(41)=3.72529029846191e-08;
x(42)=-7.82310962677002e-08;
x(43)=4.58296785338052e-08;
x(44)=1.63912773132324e-07;
x(45)=-2.00540223671988e-07;
x(46)=2.18030300887365e-07;
x(47)=2.23517417907715e-08;
x(48)=-8.32769559558141e-08;
x(49)=-5.93718141317368e-08;
x(50)=-8.94069671630859e-08;
x(51)=-1.26659870147705e-07;
x(52)=-5.58793544769287e-09;
x(53)=5.96046447753906e-08;
x(54)=3.72529029846191e-09;
x(55)=2.34693288803101e-07;
x(56)=-8.84756445884705e-09;
x(57)=1.0710209608078e-08;
x(58)=-3.72529029846191e-09;
x(59)=-6.33299350738525e-08;
x(60)=-3.16649675369263e-08;
x(61)=-1.22934579849243e-07;
x(62)=-1.71363353729248e-07;
x(63)=-1.24797224998474e-07;
x(64)=3.53902578353882e-08;
x(65)=-6.33299350738525e-08;
x(66)=-2.64448797264914e-08;
x(67)=4.4703483581543e-08;
x(68)=-1.35863151936256e-08;
x(69)=-6.0246816782754e-08;
x(70)=-5.58793544769287e-08;
x(71)=1.47617028177394e-07;
x(72)=-2.37167902637154e-07;
x(74)=-7.59788754834173e-08;
x(75)=1.06723839273957e-07;
x(76)=2.04890966415405e-07;
x(77)=-1.27591192722321e-07;
x(78)=4.33064997196198e-08;
x(79)=5.21540641784668e-08;
x(80)=-4.09781932830811e-08;
x(81)=-1.11758708953857e-08;
x(83)=-5.77419996261597e-08;
x(84)=1.11758708953857e-08;
x(85)=-9.31322574615479e-09;
x(86)=8.38190317153931e-08;
x(87)=3.35276126861572e-08;
x(88)=-7.8047772707901e-08;
x(89)=1.79103358812666e-07;
x(90)=1.65775418281555e-07;
x(91)=-1.28265549027281e-07;
x(92)=-1.41900585627415e-07;
x(93)=5.58793544769287e-08;
x(94)=-6.31216689182157e-08;
x(95)=-8.60456410910691e-08;
x(96)=1.04308128356934e-07;
x(97)=1.35312300792841e-07;
x(98)=-5.91406886222034e-08;
x(99)=-2.25517991218571e-07;
x(100)=-6.3498978933878e-08;
x(101)=-3.64345982791979e-08;
x(102)=-1.15835728045334e-07;
x(103)=2.12639621994442e-08;
x(104)=1.49018129271469e-07;
x(105)=4.38874472254574e-08;
x(106)=1.10353902241099e-07;
x(107)=4.56572867909435e-07;
x(108)=9.70166083946024e-09;
x(109)=1.58274490311377e-07;
x(110)=-1.53439305593318e-07;
x(111)=1.10953254812378e-07;
x(112)=-3.72529029846191e-09;
x(113)=8.82906036168904e-08;
x(114)=1.29032406240783e-07;
x(115)=-3.35276126861572e-08;
x(116)=6.59388618261189e-08;
x(117)=-1.63817193788177e-07;
x(118)=1.9371509552002e-07;
x(119)=-6.95763956312688e-08;
x(120)=-3.39793334059143e-08;
x(121)=-1.08033418655396e-07;
x(122)=-1.35041773319244e-08;
x(123)=4.93600964546204e-08;
x(124)=3.53902578353882e-08;
x(125)=-1.26659870147705e-07;
x(126)=4.84287738800049e-08;
x(127)=-2.04890966415405e-08;
x(128)=1.49011611938477e-07;
x(129)=5.77419996261597e-08;
x(130)=-2.3283064365387e-08;
x(131)=-2.23517417907715e-08;
x(132)=-3.81607266646168e-07;
x(133)=-1.45286321640015e-07;
x(134)=1.35168496391514e-07;
x(135)=8.01802759375096e-08;
x(137)=2.47154448656131e-08;
x(138)=3.13413227413222e-07;
x(139)=1.564621925354e-07;
x(140)=1.94625662005235e-08;
x(141)=-2.1891414735376e-07;
x(142)=-1.08033418655396e-07;
x(143)=-1.89058482646942e-07;
x(144)=6.70552253723145e-08;
x(145)=1.32247805595398e-07;
x(146)=6.23986124992371e-08;
x(147)=4.4703483581543e-08;
x(148)=1.30385160446167e-08;
x(149)=2.08616256713867e-07;
x(150)=7.45058059692383e-09;
x(151)=-1.67638063430786e-08;
x(152)=-2.01165676116943e-07;
x(153)=-1.08033418655396e-07;

