function x=hh_res8()
% output of residual computed on processor 
% exactly 3 dofs/global node are output.
freq(8)=0;
x=zeros(189,1);
x(4)=-9.31322574615479e-09;
x(5)=1.04308128356934e-07;
x(6)=3.98140400648117e-08;
x(7)=-6.79865479469299e-08;
x(8)=3.91155481338501e-08;
x(9)=-1.9557774066925e-08;
x(13)=2.73780946019299e-08;
x(14)=-1.63912773132324e-07;
x(15)=-1.9895001976947e-08;
x(16)=-2.38425207405004e-08;
x(17)=-7.45058059692383e-09;
x(18)=-7.18728484232625e-08;
x(22)=2.60770320892334e-08;
x(23)=1.34110450744629e-07;
x(24)=-8.94069671630859e-08;
x(25)=8.38190317153931e-09;
x(26)=9.87201929092407e-08;
x(27)=-1.00582838058472e-07;
x(31)=-3.91155481338501e-08;
x(32)=2.08616256713867e-07;
x(33)=-1.51269288742416e-08;
x(34)=-1.99303030967712e-07;
x(35)=5.21540641784668e-08;
x(36)=1.59978647838623e-08;
x(40)=-2.17851472067791e-08;
x(41)=-3.27825546264648e-07;
x(42)=1.36414745089071e-07;
x(43)=-2.50325902627695e-08;
x(44)=-1.49011611938477e-08;
x(45)=8.17278033608879e-08;
x(49)=5.58793544769287e-09;
x(50)=4.17232513427734e-07;
x(51)=5.07112698060975e-08;
x(52)=1.04308128356934e-07;
x(53)=1.86264514923096e-07;
x(54)=4.48778709283369e-09;
x(58)=3.16649675369263e-08;
x(59)=1.49011611938477e-07;
x(60)=-7.47386366128922e-08;
x(61)=-1.03376805782318e-07;
x(62)=7.45058059692383e-09;
x(63)=1.44354999065399e-08;
x(67)=1.04307353956109e-07;
x(68)=1.49011611938477e-08;
x(69)=-3.86874097715257e-09;
x(70)=-4.58477196191611e-08;
x(71)=3.72529029846191e-08;
x(72)=2.6509044380616e-08;
x(76)=4.19095158576965e-08;
x(77)=4.4703483581543e-08;
x(78)=-1.7811544239521e-08;
x(79)=1.67638063430786e-08;
x(80)=3.35276126861572e-08;
x(81)=-5.58793544769287e-09;
x(82)=-1.0710209608078e-08;
x(83)=1.86264514923096e-08;
x(84)=-2.3283064365387e-08;
x(85)=4.4703483581543e-08;
x(86)=-4.84287738800049e-08;
x(87)=-1.49011611938477e-08;
x(88)=-1.86264514923096e-08;
x(89)=2.23517417907715e-08;
x(90)=-1.76951289176941e-08;
x(91)=-4.09781932830811e-08;
x(92)=-5.58793544769287e-09;
x(94)=5.0654838418257e-09;
x(95)=-7.45058059692383e-08;
x(96)=-6.49153109599621e-08;
x(97)=1.85016625764012e-07;
x(99)=2.40985954040874e-08;
x(100)=-1.38602250602364e-07;
x(101)=1.30385160446167e-08;
x(102)=5.86965691341478e-08;
x(103)=-2.44231448441201e-09;
x(104)=7.45058059692383e-09;
x(106)=-2.65426933765411e-08;
x(107)=4.84287738800049e-08;
x(108)=-4.09781932830811e-08;
x(109)=1.15483999252319e-07;
x(110)=-1.49011611938477e-08;
x(111)=4.93600964546204e-08;
x(112)=-1.41561031341553e-07;
x(113)=-3.44589352607727e-08;
x(114)=3.35276126861572e-08;
x(115)=6.70552253723145e-08;
x(116)=3.35276126861572e-08;
x(118)=1.1734664440155e-07;
x(119)=-1.86264514923096e-08;
x(120)=1.42342524107736e-09;
x(121)=-2.98023223876953e-08;
x(122)=-3.72529029846191e-08;
x(123)=3.21529441573945e-08;
x(124)=2.16066837310791e-07;
x(125)=9.31322574615479e-09;
x(126)=-1.90300848663807e-08;
x(127)=-6.70552253723145e-08;
x(128)=-1.67638063430786e-08;
x(130)=1.52377528521569e-07;
x(131)=-1.34110450744629e-07;
x(132)=3.18805307553744e-08;
x(133)=2.48081604231635e-07;
x(134)=1.63912773132324e-07;
x(135)=5.1527199824279e-09;
x(136)=-2.78337799901439e-07;
x(137)=3.72529029846191e-09;
x(138)=-3.47105273669182e-08;
x(139)=2.49722459723769e-07;
x(140)=-7.45058059692383e-08;
x(142)=3.91155481338501e-08;
x(143)=2.60770320892334e-08;
x(144)=2.23966253734592e-08;
x(145)=7.45058059692383e-08;
x(146)=-1.49011611938477e-08;
x(147)=-2.86598639421268e-08;
x(148)=-4.32133674621582e-07;
x(149)=-4.00468707084656e-08;
x(150)=-1.51516464631194e-08;
x(151)=6.70552253723145e-08;
x(152)=5.40167093276978e-08;
x(154)=9.31322574615479e-08;
x(155)=-3.72529029846191e-09;
x(156)=1.11758708953857e-08;
x(157)=4.09781932830811e-08;
x(158)=1.49011611938477e-08;
x(159)=-1.11758708953857e-08;
x(160)=-1.86264514923096e-08;
x(161)=-4.65661287307739e-08;
x(162)=3.63215804100037e-08;
x(163)=8.94069671630859e-08;
x(164)=-3.72529029846191e-09;
x(166)=1.52891366520004e-07;
x(167)=-1.19209289550781e-07;
x(168)=-1.35063362413094e-09;
x(169)=-1.15637024262462e-07;
x(170)=9.68575477600098e-08;
x(171)=-6.10739073950961e-09;
x(172)=-1.04931961638341e-07;
x(173)=-6.70552253723145e-08;
x(174)=1.09040506716439e-07;
x(175)=7.16743153204085e-08;
x(176)=-1.86264514923096e-08;
x(178)=1.08964741230011e-07;
x(179)=3.72529029846191e-09;
x(180)=3.81842255592346e-08;
x(181)=-1.04308128356934e-07;
x(182)=-2.60770320892334e-08;
x(183)=9.31322574615479e-09;
x(184)=-9.68575477600098e-08;
x(185)=1.67638063430786e-08;
x(186)=5.40167093276978e-08;
x(187)=1.26659870147705e-07;
x(188)=8.38190317153931e-09;

