function s=Kssr()
% sparsematrix format = SSR
s=[1 1 2175287.5011373
2 1 -5.8207660913467e-11
2 2 2175287.5011373
3 1 -1.746229827404e-10
3 2 846538.53675802
3 3 2175287.5011373
4 1 -461077.33463147
4 2 -109986.06041041
4 3 -109986.06041041
4 4 2753846.038802
5 1 109986.06041041
5 2 307140.40017299
5 3 267796.63166522
5 4 5.8207660913467e-11
5 5 1886008.232305
6 1 109986.06041041
6 2 267796.63166522
6 3 307140.40017299
6 4 -1.1641532182693e-10
6 5 634903.90256852
6 6 1886008.232305
7 1 614280.80034598
7 2 2.9103830456734e-11
7 4 -463782.00408012
7 5 423269.26837901
7 6 111155.02760374
7 7 4350575.0022747
8 1 1.4551915228367e-11
8 2 -922154.66926293
8 3 -219972.12082082
8 4 423269.26837901
8 5 -463782.00408012
8 6 -111155.02760374
8 8 4350575.0022747
9 2 219972.12082082
9 3 614280.80034598
9 4 -111155.02760374
9 5 111155.02760374
9 6 150132.06120388
9 8 -5.8207660913467e-11
9 9 4350575.0022747
10 1 -463782.00408012
10 2 -423269.26837901
10 3 -111155.02760374
10 4 1078062.8044004
10 5 5.8207660913467e-11
10 6 -5.8207660913467e-11
10 7 -922154.66926293
10 9 -219972.12082082
10 10 5507692.0776041
11 1 -423269.26837901
11 2 -463782.00408012
11 3 -111155.02760374
11 4 2.9103830456734e-11
11 5 -476233.79644628
11 6 -164979.09061561
11 7 2.9103830456734e-11
11 8 614280.80034598
11 9 -5.8207660913467e-11
11 10 5.8207660913467e-11
11 11 3772016.46461
12 1 111155.02760374
12 2 111155.02760374
12 3 150132.06120388
12 4 -1.1641532182693e-10
12 5 164979.09061561
12 6 558611.60283006
12 7 219972.12082082
12 8 5.8207660913467e-11
12 9 614280.80034598
12 10 -1.746229827404e-10
12 11 -2.9103830456734e-11
12 12 3772016.46461
13 7 614280.80034598
13 8 -2.9103830456734e-11
13 10 -463782.00408012
13 11 423269.26837901
13 12 111155.02760374
13 13 2175287.5011373
14 7 -2.9103830456734e-11
14 8 -922154.66926293
14 9 -219972.12082082
14 10 423269.26837901
14 11 -463782.00408012
14 12 -111155.02760374
14 13 -5.8207660913467e-11
14 14 2175287.5011373
15 7 5.8207660913467e-11
15 8 219972.12082082
15 9 614280.80034598
15 10 -111155.02760374
15 11 111155.02760374
15 12 150132.06120388
15 13 5.8207660913467e-11
15 14 -846538.53675802
15 15 2175287.5011373
16 7 -463782.00408012
16 8 -423269.26837901
16 9 -111155.02760374
16 10 1078062.8044004
16 11 4.3655745685101e-11
16 12 -5.8207660913467e-11
16 13 -461077.33463147
16 14 109986.06041041
16 15 -109986.06041041
16 16 2753846.038802
17 7 -423269.26837901
17 8 -463782.00408012
17 9 -111155.02760374
17 10 2.9103830456734e-11
17 11 -476233.79644628
17 12 -164979.09061561
17 13 -109986.06041041
17 14 307140.40017299
17 15 -267796.63166522
17 16 -5.8207660913467e-11
17 17 1886008.232305
18 7 111155.02760374
18 8 111155.02760374
18 9 150132.06120388
18 10 -5.8207660913467e-11
18 11 164979.09061561
18 12 558611.60283006
18 13 109986.06041041
18 14 -267796.63166522
18 15 307140.40017299
18 16 1.1641532182693e-10
18 17 -634903.90256852
18 18 1886008.232305
19 1 614280.80034598
19 2 -5.8207660913467e-11
19 4 -463782.00408012
19 5 111155.02760374
19 6 423269.26837901
19 7 300264.12240776
19 8 4.3655745685101e-11
19 9 1.4551915228367e-11
19 10 -463415.26932682
19 11 -267796.63166522
19 12 267796.63166522
19 19 4350575.0022747
20 1 -5.8207660913467e-11
20 2 614280.80034598
20 3 219972.12082082
20 4 -111155.02760374
20 5 150132.06120388
20 6 111155.02760374
20 7 5.8207660913467e-11
20 8 -927564.00816024
20 9 846538.53675802
20 10 -267796.63166522
20 11 -463415.26932682
20 12 267796.63166522
20 19 -1.746229827404e-10
20 20 4350575.0022747
21 1 -1.4551915228367e-11
21 2 -219972.12082082
21 3 -922154.66926293
21 4 423269.26837901
21 5 -111155.02760374
21 6 -463782.00408012
21 7 2.9103830456734e-11
21 8 846538.53675802
21 9 -927564.00816024
21 10 267796.63166522
21 11 267796.63166522
21 12 -463415.26932682
21 19 -1.746229827404e-10
21 20 -5.8207660913467e-11
21 21 4350575.0022747
22 1 -463782.00408012
22 2 -111155.02760374
22 3 -423269.26837901
22 4 1078062.8044004
22 5 5.8207660913467e-11
22 6 -2.0372681319714e-10
22 7 -463415.26932682
22 8 267796.63166522
22 9 -267796.63166522
22 10 646198.18875279
22 11 5.8207660913467e-11
22 19 -922154.66926293
22 20 -219972.12082082
22 21 4.3655745685101e-11
22 22 5507692.0776041
23 1 111155.02760374
23 2 150132.06120388
23 3 111155.02760374
23 4 1.1641532182693e-10
23 5 558611.60283006
23 6 164979.09061561
23 7 267796.63166522
23 8 -463415.26932682
23 9 267796.63166522
23 10 5.8207660913467e-11
23 11 -558611.60259855
23 12 634903.90256852
23 19 219972.12082082
23 20 614280.80034598
23 23 3772016.46461
24 1 -423269.26837901
24 2 -111155.02760374
24 3 -463782.00408012
24 4 -1.8917489796877e-10
24 5 -164979.09061561
24 6 -476233.79644628
24 7 -267796.63166522
24 8 267796.63166522
24 9 -463415.26932682
24 10 -1.4551915228367e-10
24 11 634903.90256852
24 12 -558611.60259855
24 19 5.8207660913467e-11
24 20 5.8207660913467e-11
24 21 614280.80034598
24 22 -2.3283064365387e-10
24 23 -1.1641532182693e-10
24 24 3772016.46461
25 1 300264.12240776
25 2 4.3655745685101e-11
25 3 1.4551915228367e-11
25 4 -463415.26932682
25 5 267796.63166522
25 6 267796.63166522
25 7 1228561.600692
25 9 2.9103830456734e-11
25 10 -927564.00816024
25 11 1.4551915228367e-11
25 12 846538.53675802
25 13 300264.12240776
25 15 5.8207660913467e-11
25 16 -463415.26932682
25 17 -267796.63166522
25 18 267796.63166522
25 19 1228561.600692
25 20 8.7311491370201e-11
25 22 -927564.00816024
25 23 846538.53675802
25 24 -2.9103830456734e-11
25 25 8701150.0045494
26 1 5.8207660913467e-11
26 2 -927564.00816024
26 3 -846538.53675802
26 4 267796.63166522
26 5 -463415.26932682
26 6 -267796.63166522
26 7 -5.8207660913467e-11
26 8 1228561.600692
26 11 300264.12240776
26 12 4.3655745685101e-11
26 13 -4.3655745685101e-11
26 14 -927564.00816024
26 15 846538.53675802
26 16 -267796.63166522
26 17 -463415.26932682
26 18 267796.63166522
26 19 4.3655745685101e-11
26 20 -1844309.3385259
26 22 846538.53675802
26 23 -927564.00816024
26 24 -1.4551915228367e-11
26 25 -1.1641532182693e-10
26 26 8701150.0045494
27 1 1.4551915228367e-11
27 2 -846538.53675802
27 3 -927564.00816024
27 4 267796.63166522
27 5 -267796.63166522
27 6 -463415.26932682
27 7 2.9103830456734e-11
27 8 -2.9103830456734e-11
27 9 -1844309.3385259
27 10 846538.53675802
27 11 4.3655745685101e-11
27 12 -927564.00816024
27 13 2.9103830456734e-11
27 14 846538.53675802
27 15 -927564.00816024
27 16 267796.63166522
27 17 267796.63166522
27 18 -463415.26932682
27 20 -2.9103830456734e-11
27 21 1228561.600692
27 22 2.9103830456734e-11
27 23 2.9103830456734e-11
27 24 300264.12240776
27 26 5.8207660913467e-11
27 27 8701150.0045494
28 1 -463415.26932682
28 2 -267796.63166522
28 3 -267796.63166522
28 4 646198.18875279
28 5 2.9103830456734e-11
28 6 -8.7311491370201e-11
28 7 -927564.00816024
28 8 -1.4551915228367e-11
28 9 -846538.53675802
28 10 2156125.6088008
28 11 5.8207660913467e-11
28 12 -1.6007106751204e-10
28 13 -463415.26932682
28 14 267796.63166522
28 15 -267796.63166522
28 16 646198.18875279
28 17 8.7311491370201e-11
28 19 -927564.00816024
28 20 -846538.53675802
28 21 1.4551915228367e-11
28 22 2156125.6088008
28 23 8.7311491370201e-11
28 24 -5.8207660913467e-11
28 25 -1844309.3385259
28 28 11015384.155208
29 1 -267796.63166522
29 2 -463415.26932682
29 3 -267796.63166522
29 4 1.4551915228367e-11
29 5 -558611.60259855
29 6 -634903.90256852
29 8 300264.12240776
29 9 -4.3655745685101e-11
29 11 1117223.2056601
29 12 2.9103830456734e-11
29 13 267796.63166522
29 14 -463415.26932682
29 15 267796.63166522
29 16 5.8207660913467e-11
29 17 -558611.60259855
29 18 634903.90256852
29 19 -846538.53675802
29 20 -927564.00816024
29 21 7.2759576141834e-11
29 22 1.0186340659857e-10
29 23 -952467.59289255
29 24 -4.3655745685101e-11
29 25 -1.4551915228367e-11
29 26 1228561.600692
29 27 -5.8207660913467e-11
29 28 1.1641532182693e-10
29 29 7544032.9292199
30 1 -267796.63166522
30 2 -267796.63166522
30 3 -463415.26932682
30 4 -1.4551915228367e-11
30 5 -634903.90256852
30 6 -558611.60259855
30 7 -846538.53675802
30 8 8.7311491370201e-11
