function a=Mass()
a=[1 1 1.17509259201366899582058e-06
2 2 1.17509259201366899582058e-06
3 3 1.17509259201366899582058e-06
4 1 5.87546296296296043294065e-07
4 4 2.35018518402733756812468e-06
5 2 5.87546296296296043294065e-07
5 5 2.35018518402733756812468e-06
6 3 5.87546296296296043294065e-07
6 6 2.35018518402733756812468e-06
7 4 5.87546296296295937414947e-07
7 7 1.76263888802050317609351e-06
8 5 5.87546296296295937414947e-07
8 8 1.76263888802050317609351e-06
9 6 5.87546296296295937414947e-07
9 9 1.76263888802050317609351e-06
10 1 5.87546296296296043294065e-07
10 4 2.93773148292878953157599e-07
10 10 2.35018518402733756812468e-06
11 2 5.87546296296296043294065e-07
11 5 2.93773148292878953157599e-07
11 11 2.35018518402733756812468e-06
12 3 5.87546296296296043294065e-07
12 6 2.93773148292878953157599e-07
12 12 2.35018518402733756812468e-06
13 1 2.93773148292878953157599e-07
13 4 1.17509259259259208658813e-06
13 7 2.9377314829287890021804e-07
13 10 1.17509259259259208658813e-06
13 13 4.70037036805467513624936e-06
14 2 2.93773148292878953157599e-07
14 5 1.17509259259259208658813e-06
14 8 2.9377314829287890021804e-07
14 11 1.17509259259259208658813e-06
14 14 4.70037036805467513624936e-06
15 3 2.93773148292878953157599e-07
15 6 1.17509259259259208658813e-06
15 9 2.9377314829287890021804e-07
15 12 1.17509259259259208658813e-06
15 15 4.70037036805467513624936e-06
16 4 2.9377314829287884727848e-07
16 7 8.81319444444443959061979e-07
16 13 1.17509259259259208658813e-06
16 16 3.52527777604100635218702e-06
17 5 2.9377314829287884727848e-07
17 8 8.81319444444443959061979e-07
17 14 1.17509259259259208658813e-06
17 17 3.52527777604100635218702e-06
18 6 2.9377314829287884727848e-07
18 9 8.81319444444443959061979e-07
18 15 1.17509259259259208658813e-06
18 18 3.52527777604100635218702e-06
19 10 5.87546296296296043294065e-07
19 13 2.9377314829287890021804e-07
19 19 1.17509259201366878406234e-06
20 11 5.87546296296296043294065e-07
20 14 2.9377314829287890021804e-07
20 20 1.17509259201366878406234e-06
21 12 5.87546296296296043294065e-07
21 15 2.9377314829287890021804e-07
21 21 1.17509259201366878406234e-06
22 10 2.9377314829287890021804e-07
22 13 1.17509259259259208658813e-06
22 16 2.9377314829287884727848e-07
22 19 5.87546296296296043294065e-07
22 22 2.35018518402733756812468e-06
23 11 2.9377314829287890021804e-07
23 14 1.17509259259259208658813e-06
23 17 2.9377314829287884727848e-07
23 20 5.87546296296296043294065e-07
23 23 2.35018518402733756812468e-06
24 12 2.9377314829287890021804e-07
24 15 1.17509259259259208658813e-06
24 18 2.9377314829287884727848e-07
24 21 5.87546296296296043294065e-07
24 24 2.35018518402733756812468e-06
25 13 2.9377314829287884727848e-07
25 16 8.81319444444443959061979e-07
25 22 5.87546296296296043294065e-07
25 25 1.76263888802050296433527e-06
26 14 2.9377314829287884727848e-07
26 17 8.81319444444443959061979e-07
26 23 5.87546296296296043294065e-07
26 26 1.76263888802050296433527e-06
27 15 2.9377314829287884727848e-07
27 18 8.81319444444443959061979e-07
27 24 5.87546296296296043294065e-07
27 27 1.76263888802050296433527e-06
28 1 5.87546296296296043294065e-07
28 4 2.93773148292878953157599e-07
28 10 2.93773148292878953157599e-07
28 13 1.46886574218804968803862e-07
28 28 2.35018518402733756812468e-06
29 2 5.87546296296296043294065e-07
29 5 2.93773148292878953157599e-07
29 11 2.93773148292878953157599e-07
29 14 1.46886574218804968803862e-07
29 29 2.35018518402733756812468e-06
30 3 5.87546296296296043294065e-07
30 6 2.93773148292878953157599e-07
30 12 2.93773148292878953157599e-07
30 15 1.46886574218804968803862e-07
30 30 2.35018518402733756812468e-06
31 1 2.93773148292878953157599e-07
31 4 1.17509259259259208658813e-06
31 7 2.9377314829287884727848e-07
31 10 1.46886574218804968803862e-07
31 13 5.87546296585757906315198e-07
31 16 1.46886574218804968803862e-07
31 28 1.17509259259259208658813e-06
31 31 4.70037036805467513624936e-06
32 2 2.93773148292878953157599e-07
32 5 1.17509259259259208658813e-06
32 8 2.9377314829287884727848e-07
32 11 1.46886574218804968803862e-07
32 14 5.87546296585757906315198e-07
32 17 1.46886574218804968803862e-07
32 29 1.17509259259259208658813e-06
32 32 4.70037036805467513624936e-06
33 3 2.93773148292878953157599e-07
33 6 1.17509259259259208658813e-06
33 9 2.9377314829287884727848e-07
33 12 1.46886574218804968803862e-07
33 15 5.87546296585757906315198e-07
33 18 1.46886574218804968803862e-07
33 30 1.17509259259259208658813e-06
33 33 4.70037036805467513624936e-06
34 4 2.9377314829287884727848e-07
34 7 8.81319444444443853182861e-07
34 13 1.46886574218804968803862e-07
34 16 4.40659722439318429736398e-07
34 31 1.17509259259259208658813e-06
34 34 3.52527777604100635218702e-06
35 5 2.9377314829287884727848e-07
35 8 8.81319444444443853182861e-07
35 14 1.46886574218804968803862e-07
35 17 4.40659722439318429736398e-07
35 32 1.17509259259259208658813e-06
35 35 3.52527777604100635218702e-06
36 6 2.9377314829287884727848e-07
36 9 8.81319444444443853182861e-07
36 15 1.46886574218804968803862e-07
36 18 4.40659722439318429736398e-07
36 33 1.17509259259259208658813e-06
36 36 3.52527777604100635218702e-06
37 1 2.93773148292878953157599e-07
37 4 1.46886574218804995273642e-07
37 10 1.17509259259259208658813e-06
37 13 5.87546296585757906315198e-07
37 19 2.9377314829287890021804e-07
37 22 1.46886574218804968803862e-07
37 28 1.17509259259259208658813e-06
37 31 5.87546296585757906315198e-07
37 37 4.70037036805467513624936e-06
38 2 2.93773148292878953157599e-07
38 5 1.46886574218804995273642e-07
38 11 1.17509259259259208658813e-06
38 14 5.87546296585757906315198e-07
38 20 2.9377314829287890021804e-07
38 23 1.46886574218804968803862e-07
38 29 1.17509259259259208658813e-06
38 32 5.87546296585757906315198e-07
38 38 4.70037036805467513624936e-06
39 3 2.93773148292878953157599e-07
39 6 1.46886574218804995273642e-07
39 12 1.17509259259259208658813e-06
39 15 5.87546296585757906315198e-07
39 21 2.9377314829287890021804e-07
39 24 1.46886574218804968803862e-07
39 30 1.17509259259259208658813e-06
39 33 5.87546296585757906315198e-07
39 39 4.70037036805467513624936e-06
40 1 1.46886574218804995273642e-07
40 4 5.87546296585757906315198e-07
40 7 1.46886574218804968803862e-07
40 10 5.87546296585757906315198e-07
40 13 2.35018518518518417317626e-06
40 16 5.87546296585757800436079e-07
40 19 1.46886574218804968803862e-07
40 22 5.87546296585757694556961e-07
40 25 1.46886574218804968803862e-07
40 28 5.87546296585757906315198e-07
40 31 2.35018518518518417317626e-06
40 34 5.87546296585757906315198e-07
40 37 2.35018518518518417317626e-06
40 40 9.40074073610934688436692e-06
41 2 1.46886574218804995273642e-07
41 5 5.87546296585757906315198e-07
41 8 1.46886574218804968803862e-07
41 11 5.87546296585757906315198e-07
41 14 2.35018518518518417317626e-06
41 17 5.87546296585757800436079e-07
41 20 1.46886574218804968803862e-07
41 23 5.87546296585757694556961e-07
41 26 1.46886574218804968803862e-07
41 29 5.87546296585757906315198e-07
41 32 2.35018518518518417317626e-06
41 35 5.87546296585757906315198e-07
41 38 2.35018518518518417317626e-06
41 41 9.40074073610934688436692e-06
42 3 1.46886574218804995273642e-07
42 6 5.87546296585757906315198e-07
42 9 1.46886574218804968803862e-07
42 12 5.87546296585757906315198e-07
42 15 2.35018518518518417317626e-06
42 18 5.87546296585757800436079e-07
42 21 1.46886574218804968803862e-07
42 24 5.87546296585757694556961e-07
42 27 1.46886574218804968803862e-07
42 30 5.87546296585757906315198e-07
42 33 2.35018518518518417317626e-06
42 36 5.87546296585757906315198e-07
42 39 2.35018518518518417317626e-06
42 42 9.40074073610934688436692e-06
43 4 1.46886574218804968803862e-07
43 7 4.40659722439318376796839e-07
43 13 5.87546296585757800436079e-07
43 16 1.7626388888888881298822e-06
43 22 1.46886574218804942334082e-07
43 25 4.40659722439318270917721e-07
43 31 5.87546296585757800436079e-07
43 34 1.7626388888888881298822e-06
43 40 2.35018518518518417317626e-06
43 43 7.05055555208201101030814e-06
44 5 1.46886574218804968803862e-07
