function s=Mssr()
% sparsematrix format = SSR
s=[1 1 2.3501851840273e-06
2 2 2.3501851840273e-06
3 3 2.3501851840273e-06
4 1 5.875462962963e-07
4 4 1.7626388880205e-06
5 2 5.875462962963e-07
5 5 1.7626388880205e-06
6 3 5.875462962963e-07
6 6 1.7626388880205e-06
7 1 1.1750925925926e-06
7 4 2.9377314829288e-07
7 7 4.7003703680547e-06
8 2 1.1750925925926e-06
8 5 2.9377314829288e-07
8 8 4.7003703680547e-06
9 3 1.1750925925926e-06
9 6 2.9377314829288e-07
9 9 4.7003703680547e-06
10 1 2.9377314829288e-07
10 4 8.8131944444444e-07
10 7 1.1750925925926e-06
10 10 3.525277776041e-06
11 2 2.9377314829288e-07
11 5 8.8131944444444e-07
11 8 1.1750925925926e-06
11 11 3.525277776041e-06
12 3 2.9377314829288e-07
12 6 8.8131944444444e-07
12 9 1.1750925925926e-06
12 12 3.525277776041e-06
13 7 1.1750925925926e-06
13 10 2.9377314829288e-07
13 13 2.3501851840273e-06
14 8 1.1750925925926e-06
14 11 2.9377314829288e-07
14 14 2.3501851840273e-06
15 9 1.1750925925926e-06
15 12 2.9377314829288e-07
15 15 2.3501851840273e-06
16 7 2.9377314829288e-07
16 10 8.8131944444444e-07
16 13 5.875462962963e-07
16 16 1.7626388880205e-06
17 8 2.9377314829288e-07
17 11 8.8131944444444e-07
17 14 5.875462962963e-07
17 17 1.7626388880205e-06
18 9 2.9377314829288e-07
18 12 8.8131944444444e-07
18 15 5.875462962963e-07
18 18 1.7626388880205e-06
19 1 1.1750925925926e-06
19 4 2.9377314829288e-07
19 7 5.8754629658576e-07
19 10 1.468865742188e-07
19 19 4.7003703680547e-06
20 2 1.1750925925926e-06
20 5 2.9377314829288e-07
20 8 5.8754629658576e-07
20 11 1.468865742188e-07
20 20 4.7003703680547e-06
21 3 1.1750925925926e-06
21 6 2.9377314829288e-07
21 9 5.8754629658576e-07
21 12 1.468865742188e-07
21 21 4.7003703680547e-06
22 1 2.9377314829288e-07
22 4 8.8131944444444e-07
22 7 1.468865742188e-07
22 10 4.4065972243932e-07
22 19 1.1750925925926e-06
22 22 3.525277776041e-06
23 2 2.9377314829288e-07
23 5 8.8131944444444e-07
23 8 1.468865742188e-07
23 11 4.4065972243932e-07
23 20 1.1750925925926e-06
23 23 3.525277776041e-06
24 3 2.9377314829288e-07
24 6 8.8131944444444e-07
24 9 1.468865742188e-07
24 12 4.4065972243932e-07
24 21 1.1750925925926e-06
24 24 3.525277776041e-06
25 1 5.8754629658576e-07
25 4 1.468865742188e-07
25 7 2.3501851851852e-06
25 10 5.8754629658576e-07
25 13 5.8754629658576e-07
25 16 1.468865742188e-07
25 19 2.3501851851852e-06
25 22 5.8754629658576e-07
25 25 9.4007407361093e-06
26 2 5.8754629658576e-07
26 5 1.468865742188e-07
26 8 2.3501851851852e-06
26 11 5.8754629658576e-07
26 14 5.8754629658576e-07
26 17 1.468865742188e-07
26 20 2.3501851851852e-06
26 23 5.8754629658576e-07
26 26 9.4007407361093e-06
27 3 5.8754629658576e-07
27 6 1.468865742188e-07
27 9 2.3501851851852e-06
27 12 5.8754629658576e-07
27 15 5.8754629658576e-07
27 18 1.468865742188e-07
27 21 2.3501851851852e-06
27 24 5.8754629658576e-07
27 27 9.4007407361093e-06
28 1 1.468865742188e-07
28 4 4.4065972243932e-07
28 7 5.8754629658576e-07
28 10 1.7626388888889e-06
28 13 1.468865742188e-07
28 16 4.4065972243932e-07
28 19 5.8754629658576e-07
28 22 1.7626388888889e-06
28 25 2.3501851851852e-06
28 28 7.050555552082e-06
29 2 1.468865742188e-07
29 5 4.4065972243932e-07
29 8 5.8754629658576e-07
29 11 1.7626388888889e-06
29 14 1.468865742188e-07
29 17 4.4065972243932e-07
29 20 5.8754629658576e-07
29 23 1.7626388888889e-06
29 26 2.3501851851852e-06
29 29 7.050555552082e-06
30 3 1.468865742188e-07
30 6 4.4065972243932e-07
30 9 5.8754629658576e-07
30 12 1.7626388888889e-06
30 15 1.468865742188e-07
30 18 4.4065972243932e-07
30 21 5.8754629658576e-07
30 24 1.7626388888889e-06
30 27 2.3501851851852e-06
30 30 7.050555552082e-06
31 7 5.8754629658576e-07
31 10 1.468865742188e-07
31 13 1.1750925925926e-06
31 16 2.9377314829288e-07
31 25 2.3501851851852e-06
31 28 5.8754629658576e-07
31 31 4.7003703680547e-06
32 8 5.8754629658576e-07
32 11 1.468865742188e-07
32 14 1.1750925925926e-06
32 17 2.9377314829288e-07
32 26 2.3501851851852e-06
32 29 5.8754629658576e-07
32 32 4.7003703680547e-06
33 9 5.8754629658576e-07
33 12 1.468865742188e-07
33 15 1.1750925925926e-06
33 18 2.9377314829288e-07
33 27 2.3501851851852e-06
33 30 5.8754629658576e-07
33 33 4.7003703680547e-06
34 7 1.468865742188e-07
34 10 4.4065972243932e-07
34 13 2.9377314829288e-07
34 16 8.8131944444444e-07
34 25 5.8754629658576e-07
34 28 1.7626388888889e-06
34 31 1.1750925925926e-06
34 34 3.525277776041e-06
35 8 1.468865742188e-07
35 11 4.4065972243932e-07
35 14 2.9377314829288e-07
35 17 8.8131944444444e-07
35 26 5.8754629658576e-07
35 29 1.7626388888889e-06
35 32 1.1750925925926e-06
35 35 3.525277776041e-06
36 9 1.468865742188e-07
36 12 4.4065972243932e-07
36 15 2.9377314829288e-07
36 18 8.8131944444444e-07
36 27 5.8754629658576e-07
36 30 1.7626388888889e-06
36 33 1.1750925925926e-06
36 36 3.525277776041e-06
37 19 1.1750925925926e-06
37 22 2.9377314829288e-07
37 25 5.8754629658576e-07
37 28 1.468865742188e-07
37 37 2.3501851840273e-06
38 20 1.1750925925926e-06
38 23 2.9377314829288e-07
38 26 5.8754629658576e-07
38 29 1.468865742188e-07
38 38 2.3501851840273e-06
39 21 1.1750925925926e-06
39 24 2.9377314829288e-07
39 27 5.8754629658576e-07
39 30 1.468865742188e-07
39 39 2.3501851840273e-06
40 19 2.9377314829288e-07
40 22 8.8131944444444e-07
40 25 1.468865742188e-07
40 28 4.4065972243932e-07
40 37 5.875462962963e-07
40 40 1.7626388880205e-06
41 20 2.9377314829288e-07
41 23 8.8131944444444e-07
41 26 1.468865742188e-07
41 29 4.4065972243932e-07
41 38 5.875462962963e-07
41 41 1.7626388880205e-06
42 21 2.9377314829288e-07
42 24 8.8131944444444e-07
42 27 1.468865742188e-07
42 30 4.4065972243932e-07
42 39 5.875462962963e-07
42 42 1.7626388880205e-06
43 19 5.8754629658576e-07
43 22 1.468865742188e-07
43 25 2.3501851851852e-06
43 28 5.8754629658576e-07
43 31 5.8754629658576e-07
43 34 1.468865742188e-07
43 37 1.1750925925926e-06
43 40 2.9377314829288e-07
43 43 4.7003703680547e-06
44 20 5.8754629658576e-07
44 23 1.468865742188e-07
44 26 2.3501851851852e-06
44 29 5.8754629658576e-07
44 32 5.8754629658576e-07
44 35 1.468865742188e-07
44 38 1.1750925925926e-06
44 41 2.9377314829288e-07
44 44 4.7003703680547e-06
45 21 5.8754629658576e-07
45 24 1.468865742188e-07
45 27 2.3501851851852e-06
45 30 5.8754629658576e-07
45 33 5.8754629658576e-07
45 36 1.468865742188e-07
45 39 1.1750925925926e-06
45 42 2.9377314829288e-07
45 45 4.7003703680547e-06
46 19 1.468865742188e-07
46 22 4.4065972243932e-07
46 25 5.8754629658576e-07
46 28 1.7626388888889e-06
46 31 1.468865742188e-07
46 34 4.4065972243932e-07
46 37 2.9377314829288e-07
46 40 8.8131944444444e-07
46 43 1.1750925925926e-06
46 46 3.525277776041e-06
47 20 1.468865742188e-07
47 23 4.4065972243932e-07
47 26 5.8754629658576e-07
47 29 1.7626388888889e-06
47 32 1.468865742188e-07
47 35 4.4065972243932e-07
47 38 2.9377314829288e-07
47 41 8.8131944444444e-07
47 44 1.1750925925926e-06
47 47 3.525277776041e-06
48 21 1.468865742188e-07
48 24 4.4065972243932e-07
48 27 5.8754629658576e-07
48 30 1.7626388888889e-06
48 33 1.468865742188e-07
48 36 4.4065972243932e-07
48 39 2.9377314829288e-07
48 42 8.8131944444444e-07
48 45 1.1750925925926e-06
48 48 3.525277776041e-06
49 25 5.8754629658576e-07
49 28 1.468865742188e-07
49 31 1.1750925925926e-06
49 34 2.9377314829288e-07
49 43 1.1750925925926e-06
49 46 2.9377314829288e-07
49 49 2.3501851840273e-06
50 26 5.8754629658576e-07
50 29 1.468865742188e-07
50 32 1.1750925925926e-06
50 35 2.9377314829288e-07
50 44 1.1750925925926e-06
50 47 2.9377314829288e-07
50 50 2.3501851840273e-06
51 27 5.8754629658576e-07
51 30 1.468865742188e-07
51 33 1.1750925925926e-06
51 36 2.9377314829288e-07
51 45 1.1750925925926e-06
51 48 2.9377314829288e-07
51 51 2.3501851840273e-06
52 25 1.468865742188e-07
52 28 4.4065972243932e-07
52 31 2.9377314829288e-07
52 34 8.8131944444444e-07
52 43 2.9377314829288e-07
52 46 8.8131944444444e-07
52 49 5.875462962963e-07
52 52 1.7626388880205e-06
53 26 1.468865742188e-07
53 29 4.4065972243932e-07
53 32 2.9377314829288e-07
53 35 8.8131944444444e-07
53 44 2.9377314829288e-07
53 47 8.8131944444444e-07
53 50 5.875462962963e-07
