% q=25, b_{2n+2}(q),  n = 1:8 from Gutierrez-Vega and Leeb (1977).
function [b,q] = bEvenModes()
q = 25;
b = [...
-21.3148606222499;... 
12.9864899527425;...
41.8010712918115;...
69.0579883512758;...
103.225680042418;...
146.207674647279;...
197.611164916;...
257.229284862];
