%q = .1,  ce_10(eta,q) = sum A_2n cos(2n eta)
% first 14 coefficients,  0 <= 2n <= 26
function coefficients = coefficientCe10()
coefficients = [ ...
 7.6117003318e-15;...
 3.80585208806e-12;...
 3.65361231498e-9;...
 3.06903238399e-6;...
 1.964178622156e-3;...
 .707102226952087;...
-1.60705616503574e-3;...
 1.674018837068e-6;...
-1.0730896526217e-9;...
 4.790580599357e-13;...
-1.596860607233e-16;...
 4.158491939118e-20;...
-8.7363288487e-24;...
 1.51672389e-27];
