%q=1, k=1,2,3,4, modes [a0,a2,a4,a1,a3,a5,b2,b4,b6,b1,b3,b5]'
%S. Zhang and J. Jin, Computation of Special Functions, Wiley, 1996
% function [x,q] = first3Modes()
function [x,q] = first3Modes()
q=1;
x = [-.4551386;...
4.371300982735086;...
16.0338323;...
1.8591081;...
9.0783688;...
25.020854345448583;...
3.9170248;...
16.0329701;...
36.014290;...
-.1102488;...
9.0477393;...
25.0208408];
