%q=10, k=1,2,3,4, coefficients ce0(0:2:6),ce1(1:2:7),se2(2:2:8),se1(1:2:7)
%S. Zhang and J. Jin, Computation of Special Functions, Wiley, 1996
% function [coefs, q] = first4Coefficients()
function [coefs, q] = first4Coefficients()
q=10;
coefs=[...
0.48777536;...
-0.67981154;...
0.24382588;...
-0.050129505;...
0.56936745;...
-0.76290356;...
0.30027718;...
-0.059830154;...
.83390736;...
-.53221287;...
.14441476;...
-.022082159;...
.89028653;...
-0.43949462;...
0.11776261;...
-0.019032372];