function x=FetiMap_a_0()
% vector output from file: Salinas/util/mfiles.C
x=zeros(216,1);
x(1)=1;
x(2)=2;
x(3)=3;
x(4)=4;
x(5)=5;
x(6)=6;
x(9)=7;
x(10)=8;
x(11)=9;
x(12)=10;
x(13)=11;
x(14)=12;
x(17)=13;
x(18)=14;
x(19)=15;
x(20)=16;
x(21)=17;
x(22)=18;
x(25)=19;
x(26)=20;
x(27)=21;
x(28)=22;
x(29)=23;
x(30)=24;
x(33)=25;
x(34)=26;
x(35)=27;
x(36)=28;
x(37)=29;
x(38)=30;
x(41)=31;
x(42)=32;
x(43)=33;
x(44)=34;
x(45)=35;
x(46)=36;
x(49)=37;
x(50)=38;
x(51)=39;
x(52)=40;
x(53)=41;
x(54)=42;
x(57)=43;
x(58)=44;
x(59)=45;
x(65)=46;
x(66)=47;
x(67)=48;
x(68)=49;
x(69)=50;
x(70)=51;
x(73)=52;
x(74)=53;
x(75)=54;
x(81)=55;
x(82)=56;
x(83)=57;
x(89)=58;
x(90)=59;
x(91)=60;
x(97)=61;
x(98)=62;
x(99)=63;
x(105)=64;
x(106)=65;
x(107)=66;
x(113)=67;
x(115)=68;
x(121)=69;
x(123)=70;
x(129)=71;
x(131)=72;
x(137)=73;
x(139)=74;
x(145)=75;
x(147)=76;
x(153)=77;
x(155)=78;
x(161)=79;
x(163)=80;
x(164)=81;
x(165)=82;
x(166)=83;
x(169)=84;
x(171)=85;
x(177)=86;
x(178)=87;
x(179)=88;
x(180)=89;
x(181)=90;
x(182)=91;
x(186)=92;
x(187)=93;
x(188)=94;
x(189)=95;
x(190)=96;
x(193)=97;
x(194)=98;
x(195)=99;
x(201)=100;
x(202)=101;
x(203)=102;
x(209)=103;
x(210)=104;
x(211)=105;
%--- eof
