function x=FetiMap_a_1()
% vector output from file: Salinas/util/mfiles.C
x=zeros(144,1);
x(1)=1;
x(2)=2;
x(3)=3;
x(4)=4;
x(5)=5;
x(6)=6;
x(9)=7;
x(10)=8;
x(11)=9;
x(12)=10;
x(13)=11;
x(14)=12;
x(17)=13;
x(18)=14;
x(19)=15;
x(20)=16;
x(21)=17;
x(22)=18;
x(25)=19;
x(26)=20;
x(27)=21;
x(33)=22;
x(34)=23;
x(35)=24;
x(41)=25;
x(42)=26;
x(43)=27;
x(50)=28;
x(51)=29;
x(57)=30;
x(58)=31;
x(59)=32;
x(60)=33;
x(61)=34;
x(62)=35;
x(66)=36;
x(67)=37;
x(68)=38;
x(69)=39;
x(70)=40;
x(73)=41;
x(74)=42;
x(75)=43;
x(82)=44;
x(83)=45;
x(89)=46;
x(90)=47;
x(91)=48;
x(92)=49;
x(93)=50;
x(94)=51;
x(98)=52;
x(99)=53;
x(100)=54;
x(101)=55;
x(102)=56;
x(105)=57;
x(106)=58;
x(107)=59;
x(114)=60;
x(115)=61;
x(121)=62;
x(122)=63;
x(123)=64;
x(124)=65;
x(125)=66;
x(126)=67;
x(130)=68;
x(131)=69;
x(132)=70;
x(133)=71;
x(134)=72;
x(137)=73;
x(138)=74;
x(140)=75;
x(141)=76;
x(142)=77;
%--- eof
