gid=zeros(27,1);
gid(1)=1;
gid(2)=2;
gid(3)=3;
gid(4)=4;
gid(5)=5;
gid(6)=6;
gid(7)=7;
gid(8)=8;
gid(9)=9;
gid(10)=10;
gid(11)=11;
gid(12)=12;
gid(13)=13;
gid(14)=14;
gid(15)=15;
gid(16)=16;
gid(17)=17;
gid(18)=18;
gid(19)=19;
gid(20)=20;
gid(21)=21;
gid(22)=22;
gid(23)=23;
gid(24)=24;
gid(25)=25;
gid(26)=27;
gid(27)=29;
