gid=zeros(18,1);
gid(1)=5;
gid(2)=6;
gid(3)=7;
gid(4)=11;
gid(5)=14;
gid(6)=23;
gid(7)=24;
gid(8)=25;
gid(9)=26;
gid(10)=27;
gid(11)=28;
gid(12)=29;
gid(13)=30;
gid(14)=31;
gid(15)=32;
gid(16)=33;
gid(17)=34;
gid(18)=35;
